-2.096915543079376221e-01 -4.750018417835235596e-01 2.377998530864715576e-01
1.807901076972484589e-02 -5.020997524261474609e-01 2.859854102134704590e-01
3.032228350639343262e-02 -4.960843026638031006e-01 -2.665836177766323090e-02
-1.008265763521194458e-01 -4.976061284542083740e-01 -1.371414810419082642e-01
-2.771359980106353760e-01 -5.081995129585266113e-01 8.509950339794158936e-02
1.733284592628479004e-01 -5.491690635681152344e-01 9.945452958345413208e-02
-1.202449351549148560e-01 -4.939570426940917969e-01 4.363321140408515930e-02
-1.003096774220466614e-01 -4.885991513729095459e-01 1.848334819078445435e-01
-1.127085760235786438e-01 -4.739378690719604492e-01 -2.335092872381210327e-01
-2.393800169229507446e-01 -4.029960036277770996e-01 -9.317288547754287720e-02
-2.525290250778198242e-01 -4.937689602375030518e-01 -1.147765070199966431e-01
4.964940622448921204e-02 -4.003671109676361084e-01 -2.087671756744384766e-01
2.196258157491683960e-01 -4.624299705028533936e-01 -1.086447238922119141e-01
2.359441071748733521e-01 -4.903225302696228027e-01 1.228902712464332581e-01
1.539457589387893677e-01 -4.281074702739715576e-01 2.377296239137649536e-01
-7.128838915377855301e-03 -3.624834716320037842e-01 2.366648465394973755e-01
-1.397539675235748291e-02 -3.660916686058044434e-01 1.243851520121097565e-02
6.321924179792404175e-02 -3.640324473381042480e-01 1.788589060306549072e-01
-2.802278995513916016e-01 -4.270423650741577148e-01 1.210122182965278625e-01
-1.744156517088413239e-02 -3.679512143135070801e-01 -7.386605441570281982e-02
1.434009522199630737e-01 -3.662804961204528809e-01 -1.077861860394477844e-01
-1.679396778345108032e-01 -3.639361560344696045e-01 -9.355579316616058350e-02
-2.212444543838500977e-01 -3.655954301357269287e-01 2.730262652039527893e-02
-3.057113662362098694e-02 -3.678131997585296631e-01 1.185371503233909607e-01
-7.701522111892700195e-02 -4.354417920112609863e-01 2.999345660209655762e-01
-1.931639313697814941e-01 -5.635941624641418457e-01 1.995692551136016846e-01
-7.999517768621444702e-02 -5.681598782539367676e-01 -2.136435508728027344e-01
1.939268708229064941e-01 -5.366474986076354980e-01 -3.719134256243705750e-02
1.686982363462448120e-01 -5.441029071807861328e-01 2.105034589767456055e-01
1.191490702331066132e-02 -4.912902116775512695e-01 1.349485665559768677e-01
8.332054316997528076e-02 -5.089803934097290039e-01 -2.066301703453063965e-01
