-7.427107542753219604e-03 7.514299154281616211e-01 -4.149612970650196075e-03
4.534840211272239685e-02 7.961148619651794434e-01 -4.214443638920783997e-02
1.057675480842590332e-02 7.959817647933959961e-01 -3.435025736689567566e-02
-1.284607499837875366e-02 7.710459828376770020e-01 -3.598654270172119141e-02
5.117714032530784607e-02 7.762957811355590820e-01 5.400231108069419861e-03
7.615157216787338257e-02 7.703642249107360840e-01 -3.808571025729179382e-02
4.100444540381431580e-02 7.879750132560729980e-01 -9.206175059080123901e-02
1.986607164144515991e-02 7.892043590545654297e-01 -8.749439567327499390e-02
6.693763192743062973e-03 7.590101957321166992e-01 -9.771113842725753784e-02
4.584488645195960999e-02 7.239009737968444824e-01 -8.804098516702651978e-02
5.034944042563438416e-02 7.578598260879516602e-01 -9.941308945417404175e-02
4.457323253154754639e-02 6.740755438804626465e-01 -3.834469988942146301e-02
3.776202350854873657e-02 6.509611010551452637e-01 -7.519680541008710861e-03
3.234773874282836914e-02 7.039343714714050293e-01 -7.430345285683870316e-03
-5.500392988324165344e-03 7.280970215797424316e-01 -7.372213900089263916e-02
6.740280985832214355e-02 7.247032523155212402e-01 -8.873437531292438507e-03
6.217188388109207153e-02 6.445925831794738770e-01 -1.051890198141336441e-02
6.157752498984336853e-02 6.751899123191833496e-01 -2.296575717628002167e-02
7.381997257471084595e-02 7.367765307426452637e-01 -5.616603046655654907e-02
2.477767877280712128e-02 7.396923303604125977e-01 4.304258618503808975e-03
-5.469486117362976074e-03 7.310445308685302734e-01 -3.342881053686141968e-02
