6.213956978172063828e-03 5.994693040847778320e-01 -1.129543595016002655e-02
-3.620830550789833069e-02 5.530008077621459961e-01 1.669122837483882904e-02
7.855672156438231468e-04 6.079576611518859863e-01 9.287703782320022583e-02
-3.913287073373794556e-02 5.370968580245971680e-01 1.301544606685638428e-01
-7.127030193805694580e-02 4.670045673847198486e-01 1.235352680087089539e-01
-6.202953681349754333e-02 5.164210200309753418e-01 7.176181674003601074e-02
-1.599001325666904449e-02 4.140582978725433350e-01 1.457318961620330811e-01
1.286050304770469666e-02 3.883063197135925293e-01 1.286411136388778687e-01
6.783228367567062378e-02 4.334178268909454346e-01 1.428350806236267090e-01
8.424045518040657043e-03 4.846090078353881836e-01 1.530175954103469849e-01
2.902762964367866516e-02 5.384083986282348633e-01 1.461692750453948975e-01
1.105040982365608215e-01 5.303571224212646484e-01 1.226961538195610046e-01
1.142199188470840454e-01 4.688977599143981934e-01 6.637948751449584961e-02
5.068749934434890747e-02 4.853664338588714600e-01 1.561756879091262817e-01
1.364072561264038086e-01 5.411711931228637695e-01 7.941649854183197021e-02
9.232696145772933960e-02 6.122186183929443359e-01 1.104012876749038696e-01
4.773430153727531433e-02 5.996997356414794922e-01 1.341420561075210571e-01
7.607315480709075928e-02 5.620560646057128906e-01 1.457886546850204468e-01
8.080656826496124268e-02 6.025594472885131836e-01 -3.775069490075111389e-02
1.284643262624740601e-01 5.938642024993896484e-01 2.887134999036788940e-02
1.286664605140686035e-01 5.929955840110778809e-01 5.884644389152526855e-02
6.001228839159011841e-02 6.348351836204528809e-01 6.235326826572418213e-02
8.403767645359039307e-02 6.215116977691650391e-01 2.362269908189773560e-02
4.794420301914215088e-02 5.724862813949584961e-01 -7.231640070676803589e-02
6.133301556110382080e-02 5.376800298690795898e-01 -8.379425853490829468e-02
7.655284833163022995e-03 5.363322496414184570e-01 -7.313828915357589722e-02
2.361554652452468872e-03 6.143549084663391113e-01 3.875325620174407959e-02
-7.535662502050399780e-02 4.626443088054656982e-01 7.151104509830474854e-02
-4.385324940085411072e-02 4.091792702674865723e-01 1.005311012268066406e-01
