-1.482129395008087158e-01 7.539324760437011719e-01 -3.217011317610740662e-02
-1.356433629989624023e-01 7.951315045356750488e-01 -5.330767109990119934e-02
-1.845610141754150391e-01 7.687025070190429688e-01 -6.461854279041290283e-02
-1.091650500893592834e-01 7.708716988563537598e-01 -2.072110027074813843e-02
-7.529134303331375122e-02 7.833183407783508301e-01 -7.346783578395843506e-02
-7.179835438728332520e-02 7.871676087379455566e-01 -1.976583525538444519e-02
-1.628796011209487915e-01 7.377367019653320312e-01 -1.322673410177230835e-01
-1.236872971057891846e-01 7.514697313308715820e-01 -1.269935816526412964e-01
-1.382679790258407593e-01 7.627181410789489746e-01 -8.144035190343856812e-02
-8.640850335359573364e-02 7.570064663887023926e-01 -4.363324865698814392e-02
-1.242385059595108032e-01 7.401965260505676270e-01 -4.992431402206420898e-02
-9.370967745780944824e-02 7.526814937591552734e-01 -9.525173157453536987e-02
-1.925223469734191895e-01 7.321606278419494629e-01 -7.313324511051177979e-02
-1.276794970035552979e-01 7.250742316246032715e-01 -1.027680858969688416e-01
-1.579014062881469727e-01 7.239357829093933105e-01 -3.516994044184684753e-02
-5.192209407687187195e-02 7.924560308456420898e-01 -6.535113602876663208e-02
-5.052915960550308228e-02 7.886130809783935547e-01 -3.450790420174598694e-02
