6.936914473772048950e-02 2.522851526737213135e-01 -2.352613806724548340e-01
1.369905471801757812e-01 1.077978461980819702e-01 -2.360878288745880127e-01
-1.150844842195510864e-01 1.790337115526199341e-01 -2.352525591850280762e-01
2.304352074861526489e-02 1.744299978017807007e-01 -2.355946302413940430e-01
-1.934608221054077148e-01 1.128479689359664917e-01 -2.348672449588775635e-01
3.275506570935249329e-02 7.944427430629730225e-02 -2.349364161491394043e-01
-1.669647991657257080e-01 -4.558407515287399292e-02 -2.352754026651382446e-01
-8.882652968168258667e-03 -2.562997490167617798e-02 -2.352351695299148560e-01
-3.784955246374011040e-03 -1.768248081207275391e-01 -2.357135713100433350e-01
1.470827460289001465e-01 -1.326275616884231567e-01 -2.353664636611938477e-01
-1.556380242109298706e-01 -1.333683580160140991e-01 -2.370251119136810303e-01
-1.076400838792324066e-02 -1.172295510768890381e-01 -2.352674007415771484e-01
-9.554926306009292603e-02 -2.161479890346527100e-01 -2.369297593832015991e-01
-9.815186262130737305e-02 1.607535332441329956e-01 -2.892345190048217773e-01
-1.794255226850509644e-01 5.646913312375545502e-03 -2.890608310699462891e-01
1.224145591259002686e-01 2.074070125818252563e-01 -2.879469394683837891e-01
7.362263649702072144e-02 -4.736990481615066528e-02 -2.883924543857574463e-01
2.155010402202606201e-01 6.201110407710075378e-02 -2.884406447410583496e-01
1.582833379507064819e-02 5.363604426383972168e-02 -2.886591553688049316e-01
1.058186739683151245e-01 -1.554591357707977295e-01 -2.887896001338958740e-01
-5.685809254646301270e-02 -1.769427210092544556e-01 -2.880817055702209473e-01
-7.117643952369689941e-02 -9.717847406864166260e-02 -2.888825237751007080e-01
-1.872291862964630127e-01 -1.178156211972236633e-01 -2.882330417633056641e-01
-2.001560628414154053e-01 1.025514677166938782e-01 -2.887231409549713135e-01
2.649177610874176025e-02 2.412778735160827637e-01 -2.881341874599456787e-01
-2.303425669670104980e-01 1.407131105661392212e-01 -2.643596827983856201e-01
-2.596165835857391357e-01 3.924815356731414795e-02 -2.633116543292999268e-01
-2.403087317943572998e-01 -7.958316057920455933e-02 -2.665905952453613281e-01
-1.572366952896118164e-01 -1.853266805410385132e-01 -2.621989846229553223e-01
-5.217098817229270935e-02 -2.338290065526962280e-01 -2.679412662982940674e-01
6.564099341630935669e-02 -2.294708341360092163e-01 -2.625157237052917480e-01
1.729097217321395874e-01 -1.703821122646331787e-01 -2.624376714229583740e-01
1.417854875326156616e-01 5.345910042524337769e-02 -2.888284027576446533e-01
-2.601320296525955200e-02 5.503031983971595764e-02 -2.356209009885787964e-01
2.332505881786346436e-01 -8.736358582973480225e-02 -2.645584642887115479e-01
2.558821141719818115e-01 3.019606694579124451e-02 -2.680304050445556641e-01
2.233466506004333496e-01 1.447154581546783447e-01 -2.578696906566619873e-01
1.236033067107200623e-01 2.448125630617141724e-01 -2.623749077320098877e-01
-1.322800293564796448e-02 2.782538235187530518e-01 -2.636442482471466064e-01
-1.384086757898330688e-01 2.394250035285949707e-01 -2.675876319408416748e-01
