-7.096710614860057831e-03 -1.850982457399368286e-01 4.762910902500152588e-01
-3.905902151018381119e-03 -1.842923611402511597e-01 5.010057091712951660e-01
-6.889266893267631531e-03 -1.707892715930938721e-01 5.295037627220153809e-01
8.605149196228012443e-05 -1.782882809638977051e-01 5.627653002738952637e-01
-7.091798819601535797e-03 -1.605285257101058960e-01 6.066637039184570312e-01
-2.295629121363162994e-03 -1.609762459993362427e-01 6.419326663017272949e-01
-1.116436347365379333e-02 -1.445947438478469849e-01 6.667830944061279297e-01
-7.311034016311168671e-03 -1.459123045206069946e-01 6.944199800491333008e-01
-1.161045394837856293e-02 -1.315272003412246704e-01 7.287922501564025879e-01
-1.678122207522392273e-02 -1.116263121366500854e-01 7.657675147056579590e-01
-1.921792700886726379e-02 -1.019548699259757996e-01 7.872084975242614746e-01
-9.858866222202777863e-03 -1.287551969289779663e-01 7.480792403221130371e-01
-3.531366121023893356e-03 -1.111427545547485352e-01 7.709255218505859375e-01
-4.247769247740507126e-03 -1.203188821673393250e-01 7.185209393501281738e-01
3.860360011458396912e-03 -1.456741094589233398e-01 6.752379536628723145e-01
-4.438647534698247910e-03 -1.415113508701324463e-01 6.389026641845703125e-01
4.478270187973976135e-03 -1.636791229248046875e-01 6.126714348793029785e-01
-3.152821213006973267e-03 -1.529148668050765991e-01 5.870507359504699707e-01
3.892477834597229958e-03 -1.742378175258636475e-01 5.310560464859008789e-01
-3.575583104975521564e-04 -1.662746369838714600e-01 4.940474331378936768e-01
5.103423725813627243e-03 -1.820705831050872803e-01 4.717253148555755615e-01
4.504576791077852249e-03 -1.840678900480270386e-01 5.052005648612976074e-01
1.451661577448248863e-03 -1.585339307785034180e-01 5.550566911697387695e-01
-8.945464156568050385e-03 -1.915735751390457153e-01 4.546420872211456299e-01
