-1.708836853504180908e-01 1.482648402452468872e-02 -2.269203513860702515e-01
-1.288544386625289917e-01 3.577620908617973328e-02 -2.104152739048004150e-01
-9.228356182575225830e-02 5.667988583445549011e-02 -2.226310819387435913e-01
-8.830609172582626343e-02 6.340787559747695923e-02 -1.998682469129562378e-01
-8.075127005577087402e-02 8.398805558681488037e-02 -2.194866985082626343e-01
-1.075337007641792297e-01 8.712494373321533203e-02 -1.973438709974288940e-01
-1.156964898109436035e-01 9.067758172750473022e-02 -2.264963984489440918e-01
-1.752927005290985107e-01 7.106304168701171875e-02 -2.227515280246734619e-01
-1.634569019079208374e-01 4.925860837101936340e-02 -2.114861905574798584e-01
-1.405156403779983521e-01 8.381085097789764404e-02 -2.187958061695098877e-01
-1.938671320676803589e-01 4.861637577414512634e-02 -2.206670790910720825e-01
-1.968537569046020508e-01 2.681899629533290863e-02 -2.230044454336166382e-01
1.004671305418014526e-01 -5.803025793284177780e-03 -2.234815955162048340e-01
1.359030455350875854e-01 -3.599289804697036743e-02 -2.025242298841476440e-01
1.195184141397476196e-01 -3.261168301105499268e-02 -2.244633734226226807e-01
1.453096419572830200e-01 -6.006057932972908020e-02 -2.215392589569091797e-01
1.721848845481872559e-01 -4.909951239824295044e-02 -2.151985317468643188e-01
1.805984079837799072e-01 -8.663694560527801514e-02 -2.291446179151535034e-01
2.027449160814285278e-01 -6.356855481863021851e-02 -2.264829725027084351e-01
1.872129291296005249e-01 -3.161564841866493225e-02 -2.245905250310897827e-01
1.582445055246353149e-01 -1.979093626141548157e-02 -2.074541598558425903e-01
1.371178776025772095e-01 9.986587800085544586e-03 -2.231239378452301025e-01
1.189404651522636414e-01 1.502346806228160858e-02 -2.087204456329345703e-01
1.365228146314620972e-01 4.243058618158102036e-03 -1.909786909818649292e-01
