-3.371284902095794678e-02 -1.981932669878005981e-01 3.989468812942504883e-01
-2.955196052789688110e-02 -2.030132561922073364e-01 4.242092370986938477e-01
-1.875397749245166779e-02 -2.145165205001831055e-01 4.036289751529693604e-01
3.481592750176787376e-03 -2.112594693899154663e-01 4.188988208770751953e-01
-1.029282994568347931e-02 -2.168735712766647339e-01 3.246150016784667969e-01
6.329939700663089752e-03 -2.235282659530639648e-01 3.477783501148223877e-01
1.315577886998653412e-02 -2.230007052421569824e-01 3.262638747692108154e-01
-2.040080167353153229e-02 -2.141697406768798828e-01 3.488291203975677490e-01
-1.648434810340404510e-02 -1.935481280088424683e-01 3.254663646221160889e-01
-1.576460711658000946e-02 -1.787549257278442383e-01 3.452964127063751221e-01
1.055546011775732040e-02 -2.033900469541549683e-01 3.966140747070312500e-01
1.909384690225124359e-02 -1.831707507371902466e-01 4.096788763999938965e-01
-8.913092315196990967e-03 -1.777448058128356934e-01 3.968123197555541992e-01
-1.011925283819437027e-02 -1.698488444089889526e-01 4.136562347412109375e-01
3.398830071091651917e-02 -2.039628624916076660e-01 3.321633338928222656e-01
2.647475339472293854e-02 -1.870206296443939209e-01 3.531917929649353027e-01
1.119781471788883209e-02 -2.078827768564224243e-01 3.631562590599060059e-01
-3.203205019235610962e-02 -1.754822731018066406e-01 4.222125411033630371e-01
-6.523768883198499680e-03 -2.051916569471359253e-01 3.897697329521179199e-01
