-1.204634085297584534e-02 -2.080556750297546387e-01 3.035289049148559570e-01
-4.789463710039854050e-03 -2.030817866325378418e-01 2.960439026355743408e-01
-1.067659235559403896e-03 -1.921536922454833984e-01 3.156981170177459717e-01
-1.022511254996061325e-02 -1.912521719932556152e-01 3.712704181671142578e-01
-3.714119782671332359e-03 -2.045763283967971802e-01 3.832718133926391602e-01
4.953348077833652496e-03 -2.021842002868652344e-01 3.687805533409118652e-01
1.795678632333874702e-03 -1.850730776786804199e-01 3.784805238246917725e-01
-2.357125282287597656e-02 -2.097556442022323608e-01 4.430403113365173340e-01
-2.152673713862895966e-02 -1.805171966552734375e-01 4.474758207798004150e-01
-5.795065779238939285e-03 -2.146113365888595581e-01 4.468914568424224854e-01
1.995156146585941315e-02 -2.036353498697280884e-01 4.477740228176116943e-01
2.450575865805149078e-02 -1.846838444471359253e-01 4.459836184978485107e-01
1.016120333224534988e-02 -1.681044250726699829e-01 4.452347457408905029e-01
-1.101075764745473862e-02 -1.625534594058990479e-01 4.427970349788665771e-01
8.508390747010707855e-03 -1.663326919078826904e-01 4.293132722377777100e-01
2.081792801618576050e-02 -2.005331516265869141e-01 4.355006814002990723e-01
-2.585839712992310524e-03 -2.088276147842407227e-01 4.351360201835632324e-01
-2.935529872775077820e-02 -1.911592036485671997e-01 4.363240301609039307e-01
-7.480152416974306107e-03 -1.866035610437393188e-01 4.674396216869354248e-01
-3.303411183878779411e-03 -1.857700049877166748e-01 4.974482357501983643e-01
-6.454709451645612717e-03 -1.719411313533782959e-01 5.264809131622314453e-01
-2.129104686900973320e-03 -1.760031133890151978e-01 5.561571717262268066e-01
-7.451395038515329361e-03 -1.629357784986495972e-01 5.833447575569152832e-01
-3.159368410706520081e-03 -1.662413477897644043e-01 6.090340614318847656e-01
-8.673775009810924530e-03 -1.517819315195083618e-01 6.310278773307800293e-01
-4.188713617622852325e-03 -1.566199362277984619e-01 6.621300578117370605e-01
-1.196932792663574219e-02 -1.412004828453063965e-01 6.782644391059875488e-01
-5.883811973035335541e-03 -1.460849195718765259e-01 7.001858949661254883e-01
-1.342562492936849594e-02 -1.296258419752120972e-01 7.144452929496765137e-01
-7.199396379292011261e-03 -1.356146037578582764e-01 7.341784834861755371e-01
-1.531755644828081131e-02 -1.179190576076507568e-01 7.493126392364501953e-01
-1.218822877854108810e-02 -1.199979856610298157e-01 7.653526663780212402e-01
-1.943437382578849792e-02 -9.920464456081390381e-02 7.898027300834655762e-01
5.056224763393402100e-03 -1.923129558563232422e-01 4.692818820476531982e-01
4.659785889089107513e-03 -1.728762388229370117e-01 4.842362701892852783e-01
3.648428712040185928e-03 -1.748607605695724487e-01 5.284702181816101074e-01
3.809551242738962173e-03 -1.596694737672805786e-01 5.757056474685668945e-01
4.523845855146646500e-03 -1.579348146915435791e-01 6.335292458534240723e-01
3.220874117687344551e-03 -1.411638110876083374e-01 6.568166613578796387e-01
3.196699311956763268e-03 -1.413862109184265137e-01 6.873556971549987793e-01
-1.367958757327869534e-04 -1.246540918946266174e-01 7.148618102073669434e-01
-9.973132982850074768e-04 -1.221439987421035767e-01 7.479702234268188477e-01
-4.650583490729331970e-03 -1.046093031764030457e-01 7.739638090133666992e-01
