-1.944103650748729706e-02 -4.697332158684730530e-02 1.544680744409561157e-01
1.155646145343780518e-02 -4.908403381705284119e-02 1.480637788772583008e-01
4.346679523587226868e-02 -4.274442419409751892e-02 1.483745127916336060e-01
6.652884185314178467e-02 -1.576853543519973755e-02 1.531757861375808716e-01
8.784081041812896729e-02 6.835207808762788773e-03 1.619063317775726318e-01
-5.103372409939765930e-02 -3.272285684943199158e-02 1.610960960388183594e-01
-7.925865799188613892e-02 -2.755311317741870880e-03 1.604477167129516602e-01
-7.696324586868286133e-02 4.455709457397460938e-02 1.669159680604934692e-01
4.499000683426856995e-02 8.125934749841690063e-02 1.770596802234649658e-01
8.850530721247196198e-03 8.735594898462295532e-02 1.661396175622940063e-01
-3.683554753661155701e-02 7.997374981641769409e-02 1.725395768880844116e-01
8.630782365798950195e-02 6.736741960048675537e-02 1.786192357540130615e-01
9.702832251787185669e-02 4.317926242947578430e-02 1.731453835964202881e-01
