-1.484456658363342285e-01 2.786664664745330811e-01 9.128263592720031738e-02
-2.108010351657867432e-01 2.529952526092529297e-01 4.546140134334564209e-02
-2.527390122413635254e-01 2.146839052438735962e-01 5.691917613148689270e-04
-2.897427380084991455e-01 1.649531424045562744e-01 -1.520230714231729507e-02
-3.368829786777496338e-01 1.047996878623962402e-01 -2.833486907184123993e-02
-3.753688335418701172e-01 4.178314656019210815e-02 -4.728525131940841675e-02
-4.012747406959533691e-01 -4.850629344582557678e-02 -6.057464703917503357e-02
-3.817934691905975342e-01 -1.152797415852546692e-01 -1.937836036086082458e-02
-3.377645909786224365e-01 -1.694168299436569214e-01 -3.857723204419016838e-03
-2.777614891529083252e-01 -2.081613391637802124e-01 2.053194306790828705e-02
-2.155796736478805542e-01 -2.485623210668563843e-01 5.657272413372993469e-02
-1.785619407892227173e-01 -2.639469206333160400e-01 9.659361839294433594e-02
-1.133965030312538147e-01 -2.711212635040283203e-01 1.518362015485763550e-01
-8.813284337520599365e-02 -2.668013572692871094e-01 1.720824986696243286e-01
