7.050509564578533173e-03 4.417949914932250977e-01 -1.827112734317779541e-01
-1.761600747704505920e-02 3.398114740848541260e-01 -1.149363741278648376e-01
-6.878843903541564941e-02 4.034798741340637207e-01 -1.953972727060317993e-01
-5.402589216828346252e-02 4.563845694065093994e-01 -2.756677567958831787e-01
-9.962817281484603882e-02 3.243185877799987793e-01 -2.034963965415954590e-01
-3.411360681056976318e-01 1.554847806692123413e-01 -2.131052911281585693e-01
-3.437411189079284668e-01 1.161362379789352417e-01 -3.292326629161834717e-01
-3.728521764278411865e-01 1.096324399113655090e-01 -4.063262641429901123e-01
-3.166159093379974365e-01 6.432646769098937511e-04 -3.199810981750488281e-01
-3.411915898323059082e-01 7.574187964200973511e-02 -2.165060788393020630e-01
-2.917414009571075439e-01 -5.595226958394050598e-02 -2.727512717247009277e-01
-1.711505055427551270e-01 -2.781164348125457764e-01 -3.051132559776306152e-01
-1.221599504351615906e-01 -3.092906773090362549e-01 -2.636415660381317139e-01
-1.989489197731018066e-01 -3.670507371425628662e-01 -3.168937861919403076e-01
-2.117916792631149292e-01 -4.575688242912292480e-01 -3.324813246726989746e-01
-1.168935596942901611e-01 -3.720053136348724365e-01 -2.776238322257995605e-01
-5.035179108381271362e-02 -4.302397370338439941e-01 -2.906400859355926514e-01
-3.647380694746971130e-02 -3.910708129405975342e-01 -2.532382607460021973e-01
1.239467263221740723e-01 -3.536548614501953125e-01 -1.853928565979003906e-01
2.125471830368041992e-01 -3.336130976676940918e-01 -1.237496733665466309e-01
2.250310778617858887e-01 -4.166293144226074219e-01 -1.867111623287200928e-01
2.146071195602416992e-01 -4.442848861217498779e-01 -2.233423739671707153e-01
2.580513060092926025e-01 -5.161893963813781738e-01 -3.080098927021026611e-01
2.891160845756530762e-01 -4.662370383739471436e-01 -2.532500922679901123e-01
3.015139997005462646e-01 -3.955498337745666504e-01 -1.910287588834762573e-01
1.947411894798278809e-01 -3.679897785186767578e-01 -1.581097692251205444e-01
1.517877280712127686e-01 -2.935832440853118896e-01 -1.929220557212829590e-01
1.895192861557006836e-01 -4.012175500392913818e-01 -2.381011843681335449e-01
2.643682360649108887e-01 -3.095517456531524658e-01 -1.766918897628784180e-01
1.865211278200149536e-01 -3.401495516300201416e-01 -1.975328177213668823e-01
2.989835143089294434e-01 -3.727989196777343750e-01 -2.232611626386642456e-01
2.506223917007446289e-01 -4.545028209686279297e-01 -2.844364047050476074e-01
-4.462621361017227173e-02 4.259096086025238037e-01 -2.817294597625732422e-01
-6.998205184936523438e-02 3.285655975341796875e-01 -2.108151763677597046e-01
-6.213739514350891113e-02 2.798312604427337646e-01 -2.111885696649551392e-01
1.566801220178604126e-02 3.863427042961120605e-01 -1.752819120883941650e-01
1.475195959210395813e-02 3.008340001106262207e-01 -1.375507861375808716e-01
-3.214881420135498047e-01 1.318666040897369385e-01 -2.829897105693817139e-01
-3.350732028484344482e-01 9.479916840791702271e-02 -4.093190431594848633e-01
-2.891689538955688477e-01 1.153163015842437744e-01 -1.976151615381240845e-01
-2.814650535583496094e-01 1.710396446287631989e-02 -2.697707414627075195e-01
-2.429645806550979614e-01 -2.032272331416606903e-02 -2.545022666454315186e-01
-2.466645985841751099e-01 5.291916057467460632e-02 -2.108802497386932373e-01
-3.180567026138305664e-01 7.997550815343856812e-02 -3.787212073802947998e-01
-1.316876113414764404e-01 -2.556389272212982178e-01 -3.413862287998199463e-01
-1.641017198562622070e-01 -4.225097596645355225e-01 -3.313535451889038086e-01
-1.794092804193496704e-01 -4.791434109210968018e-01 -3.608573377132415771e-01
-1.612957864999771118e-01 -3.311589062213897705e-01 -3.389316201210021973e-01
-4.970671609044075012e-02 -3.180830478668212891e-01 -3.019182980060577393e-01
-7.586421072483062744e-02 -4.200486242771148682e-01 -3.266129791736602783e-01
-9.104428812861442566e-03 -4.012871682643890381e-01 -3.000783622264862061e-01
-9.853266924619674683e-02 -3.609263300895690918e-01 -3.119864761829376221e-01
-1.198640614748001099e-01 -4.672581553459167480e-01 -3.347847461700439453e-01
