-2.183744311332702637e-01 2.761418819427490234e-01 1.994606703519821167e-01
-3.083083629608154297e-01 2.431840002536773682e-01 2.128769606351852417e-01
-3.668650388717651367e-01 1.993739455938339233e-01 2.278649508953094482e-01
-4.195132255554199219e-01 1.532973349094390869e-01 2.515601813793182373e-01
-4.562579989433288574e-01 1.239659711718559265e-01 2.754233777523040771e-01
-4.932787716388702393e-01 7.136083394289016724e-02 3.032688498497009277e-01
-5.046256780624389648e-01 -1.054880395531654358e-02 3.256969451904296875e-01
-4.560545086860656738e-01 -8.014383912086486816e-02 3.101175129413604736e-01
-3.983662724494934082e-01 -1.331608742475509644e-01 3.029419779777526855e-01
-3.176597654819488525e-01 -1.838002055883407593e-01 2.935478985309600830e-01
-2.286517173051834106e-01 -2.257670164108276367e-01 2.766923010349273682e-01
-1.499276459217071533e-01 -2.428784519433975220e-01 2.678934931755065918e-01
