4.551142826676368713e-02 2.372938245534896851e-01 -3.954721987247467041e-01
2.399947643280029297e-01 2.286046743392944336e-01 -3.906006217002868652e-01
2.059820890426635742e-01 1.971636414527893066e-01 -3.937161862850189209e-01
1.715618520975112915e-01 2.288207262754440308e-01 -3.920488357543945312e-01
1.487250477075576782e-01 1.934151798486709595e-01 -3.945035338401794434e-01
9.916796535253524780e-02 2.327326387166976929e-01 -3.947715759277343750e-01
4.177097603678703308e-02 1.994088441133499146e-01 -3.935465514659881592e-01
7.029593922197818756e-03 2.273164093494415283e-01 -3.916513621807098389e-01
9.651288390159606934e-02 2.040939182043075562e-01 -3.966155052185058594e-01
3.085093200206756592e-02 2.532280981540679932e-01 -3.723473250865936279e-01
1.144141033291816711e-01 2.470583468675613403e-01 -3.656843006610870361e-01
1.958181560039520264e-01 2.467167526483535767e-01 -3.700232505798339844e-01
1.798142492771148682e-01 1.763641834259033203e-01 -3.789850175380706787e-01
1.179221272468566895e-01 1.832430213689804077e-01 -3.823924660682678223e-01
6.739887595176696777e-02 1.831263154745101929e-01 -3.712333738803863525e-01
2.696586549282073975e-01 -2.001813650131225586e-01 -3.933680057525634766e-01
2.496929168701171875e-01 -2.235329747200012207e-01 -3.945031464099884033e-01
2.042335122823715210e-01 -1.952166557312011719e-01 -4.013343751430511475e-01
1.744380742311477661e-01 -2.238631397485733032e-01 -3.991585373878479004e-01
1.278459578752517700e-01 -1.945618540048599243e-01 -4.036670923233032227e-01
1.060126796364784241e-01 -2.260039001703262329e-01 -4.006863832473754883e-01
7.322452217340469360e-02 -1.902690976858139038e-01 -3.960752785205841064e-01
5.670110881328582764e-02 -2.366116195917129517e-01 -3.995062708854675293e-01
1.130492333322763443e-02 -2.088590264320373535e-01 -4.025961756706237793e-01
4.817576613277196884e-03 -2.317809015512466431e-01 -3.882701694965362549e-01
7.365211099386215210e-02 -2.381941080093383789e-01 -3.663095235824584961e-01
1.183776408433914185e-01 -2.397806942462921143e-01 -3.740866482257843018e-01
1.872928738594055176e-01 -2.382004112005233765e-01 -3.785926997661590576e-01
2.677859067916870117e-01 -2.367617934942245483e-01 -3.801482617855072021e-01
3.059113323688507080e-01 -2.126601934432983398e-01 -3.866980373859405518e-01
1.087462007999420166e-01 -1.753768324851989746e-01 -3.831775784492492676e-01
1.798407137393951416e-01 -1.825076192617416382e-01 -3.974505960941314697e-01
2.256300598382949829e-01 -1.630936414003372192e-01 -3.763937056064605713e-01
2.853181064128875732e-01 -1.811944544315338135e-01 -3.721398711204528809e-01
1.709171831607818604e-01 -1.617318093776702881e-01 -3.799394965171813965e-01
