-3.331432342529296875e-01 1.977056115865707397e-01 -4.043258428573608398e-01
-3.193063735961914062e-01 1.598822027444839478e-01 -4.079825282096862793e-01
-3.504896759986877441e-01 1.715416610240936279e-01 -3.760355114936828613e-01
-3.441192805767059326e-01 1.752861291170120239e-01 -4.022723436355590820e-01
-3.365844190120697021e-01 1.471313238143920898e-01 -3.949726223945617676e-01
-3.454736173152923584e-01 1.994455307722091675e-01 -3.860467076301574707e-01
-3.075460791587829590e-01 1.886450350284576416e-01 -4.047474861145019531e-01
-3.045605123043060303e-01 1.435357779264450073e-01 -4.014032781124114990e-01
-3.208738565444946289e-01 -1.403670012950897217e-01 -4.096532464027404785e-01
-3.496287167072296143e-01 -1.555246263742446899e-01 -4.057213068008422852e-01
-3.295454084873199463e-01 -1.863872110843658447e-01 -4.147452712059020996e-01
-3.520741760730743408e-01 -1.841342598199844360e-01 -3.945503830909729004e-01
-3.180561065673828125e-01 -2.036190181970596313e-01 -4.023711085319519043e-01
-3.110656440258026123e-01 -1.686906814575195312e-01 -4.122602045536041260e-01
-2.992976605892181396e-01 -1.518505066633224487e-01 -4.074207544326782227e-01
-3.010659515857696533e-01 -1.872400492429733276e-01 -4.066150188446044922e-01
