4.830247300331436122e-03 2.786664664745330811e-01 1.741990333521776790e-01
-6.602978983455098927e-02 2.529952526092529297e-01 2.052897489926888142e-01
-1.258765716046055805e-01 2.146839052438735962e-01 2.191629970805841765e-01
-1.580369529493310110e-01 1.649531424045562744e-01 2.433234136026083405e-01
-1.929802053275687657e-01 1.047996878623962402e-01 2.775817778651994416e-01
-2.286346449028902050e-01 4.178314656019210815e-02 3.014363141418954228e-01
-2.530965525676285299e-01 -4.850629344582557678e-02 3.172267895828575490e-01
-2.076788866502836672e-01 -1.152797415852546692e-01 3.209536572031641555e-01
-1.722231817251437813e-01 -1.694168299436569214e-01 2.905838494340517997e-01
-1.210995606097305943e-01 -2.081613391637802124e-01 2.508144730159482805e-01
-5.879642144218633071e-02 -2.485623210668563843e-01 2.149838326345987483e-01
-5.628444524276687844e-03 -2.639469206333160400e-01 2.029359832934920504e-01
7.479575387948944609e-02 -2.711212635040283203e-01 1.741223513370804277e-01
1.049613910322078070e-01 -2.668013572692871094e-01 1.623665292355918055e-01
