2.343507321521514086e-01 2.761418819427490234e-01 2.804208471391484991e-01
2.631800619813908781e-01 2.431840002536773682e-01 3.666587639961784717e-01
2.881086107580301814e-01 1.993739455938339233e-01 4.217231938508465561e-01
3.205861186192251466e-01 1.532973349094390869e-01 4.694569014381873018e-01
3.504674418342439424e-01 1.239659711718559265e-01 5.014996377122447058e-01
3.843184677416022765e-01 7.136083394289016724e-02 5.331226653117191461e-01
4.083761990290142307e-01 -1.054880395531654358e-02 5.404025885611929425e-01
3.845991586318824318e-01 -8.014383912086486816e-02 4.952746655510704699e-01
3.675151791870128193e-01 -1.331608742475509644e-01 4.397088631680681203e-01
3.442492791999374191e-01 -1.838002055883407593e-01 3.618597360529900442e-01
3.121936710521504565e-01 -2.257670164108276367e-01 2.771308660051463590e-01
2.898582454539226916e-01 -2.428784519433975220e-01 2.011306889500268369e-01
