5.352818092651367987e-02 1.320394427592752606e-02 -6.333388803061664740e-01
6.142078092651365173e-02 1.251076476144191707e-02 -6.180189028672457008e-01
7.699348092651364661e-02 7.911561182957294047e-02 -6.404731220750867760e-01
2.200080926513692248e-03 -4.630049889542461883e-02 -5.713058017500340924e-01
6.293580926513664409e-03 2.155106346930862893e-02 -5.983830465777456586e-01
5.201258092651367404e-02 1.399169634878627555e-03 -6.164577503943323711e-01
1.299408092651366253e-02 -4.464812006061671945e-02 -5.644761978129804181e-01
-4.424519073486288256e-03 -1.878708790440561383e-02 -5.680489756840885196e-01
4.111778092651369176e-02 4.161404273075464122e-02 -5.999065467928528239e-01
5.912368092651365536e-02 7.714523131120204491e-02 -6.109637220682382353e-01
-2.370801907348629722e-02 6.382903499269482195e-02 -5.440400526641786527e-01
2.409458092651367567e-02 4.770539828565123486e-02 -6.047454092598497644e-01
7.285968092651368133e-02 1.024494764920294565e-01 -6.341728827497006282e-01
2.119718092651368124e-02 5.552844129657757977e-03 -5.300845773920774828e-01
-8.391519073486342073e-03 -4.040063786411882130e-02 -5.397409434443116716e-01
-3.521841907348632894e-02 1.327138609687089632e-02 -5.163664707938611098e-01
2.241538092651368386e-02 8.838809130256175539e-02 -6.118457171423197227e-01
1.539748092651371802e-02 1.172733919044017525e-01 -5.976269088418543207e-01
4.606188092651369859e-02 1.214942868716359092e-01 -5.702885049755990199e-01
1.304258092651366940e-02 2.624918598766920463e-02 -5.469908609863340931e-01
2.522638092651369179e-02 7.574693069809673718e-02 -5.624476511022924452e-01
-3.126771907348635526e-02 -1.807588626801998055e-03 -5.007384217964351292e-01
4.743480926513665707e-03 8.240111253348586517e-02 -5.546590701868534534e-01
2.208738092651368889e-02 3.594905856649280307e-02 -5.148585895671724533e-01
-2.520111907348632219e-02 3.473331547690036714e-02 -5.282223180264115081e-01
6.929580926513634331e-03 1.342962297953188555e-01 -5.670782892836213618e-01
-1.036111907348635786e-02 9.062615457609293768e-02 -5.480890795237004509e-01
3.772898092651366664e-02 5.441623031033279712e-02 -5.314575091008126861e-01
-5.062419073486368326e-03 -1.049758657198548994e-02 -4.919249401275158085e-01
-3.404311907348633870e-02 4.336762715417738501e-02 -5.070972519475102080e-01
-1.631031907348634569e-02 1.194509861794710304e-01 -5.498880061705588851e-01
1.237218092651370949e-02 -8.223204996526400912e-04 -4.849408877511262594e-01
4.849968092651368856e-02 1.041307512251973266e-01 -5.659182313018142896e-01
5.179958092651365531e-02 1.342051918192446458e-01 -5.471655722211121731e-01
-2.287731907348633520e-02 -1.915281393778306418e-03 -4.660137520769894182e-01
-3.664941907348628902e-02 1.183538304080369863e-02 -4.765935021398961524e-01
-2.478761907348636662e-02 1.016594728924334057e-01 -5.159268123181044441e-01
7.508688092651366608e-02 1.836167245302498530e-01 -6.024278848299742251e-01
2.638380926513694824e-03 1.497163935434639714e-01 -5.452025825600623765e-01
4.833908092651367783e-02 1.988032406779766392e-01 -5.939234672650516300e-01
2.832328092651364981e-02 1.724341022490263886e-02 -4.971131236518263607e-01
-4.244951907348637477e-02 5.876143489317894875e-02 -4.724573955149233284e-01
7.619858092651365933e-02 1.830569031795322987e-01 -5.633671249128877623e-01
4.485918092651369760e-02 1.478132479602098093e-01 -5.536207272074042951e-01
4.048348092651365970e-02 4.752130786306260624e-02 -4.557492672391474375e-01
1.976708092651369153e-02 1.577589288703918347e-01 -5.494799025119900815e-01
9.413528092651368695e-02 2.017432038792967841e-01 -6.050909012816310106e-01
-4.298031907348631719e-02 8.244340433310862193e-02 -5.023096200498760044e-01
4.560278092651365300e-02 2.050171909988999508e-01 -5.613489903738975162e-01
-4.175321907348628070e-02 4.576674783949852277e-02 -4.351376549270749017e-01
-2.363231907348628535e-02 1.544590819172680374e-01 -5.052232063347875668e-01
1.694108092651369635e-02 1.863806009179710954e-01 -5.435517120427251214e-01
4.070938092651366080e-02 8.352036908936497084e-02 -5.140376620415926245e-01
7.288398092651365845e-02 1.750717397964418054e-01 -5.299174346238016975e-01
5.502428092651368008e-02 1.923844529578566664e-01 -5.291855355619669021e-01
5.301848092651367805e-02 8.243025384534596878e-02 -4.732253981460452508e-01
6.741268092651364618e-02 1.428729127869844684e-01 -5.239888396084011468e-01
3.434880926513672605e-03 1.861010275009810921e-01 -5.391189475290835142e-01
5.747098092651364842e-02 1.265060991540491731e-01 -5.024687932124257683e-01
-3.583421907348627311e-02 9.907956515372395856e-02 -4.355577458042144690e-01
3.114198092651365712e-02 1.982384501202702487e-01 -5.171525152822673554e-01
-1.355719073486305604e-03 2.667261752177477185e-02 -4.250780593313336908e-01
8.871180926513622111e-03 1.979615524733781828e-01 -5.081437163220225983e-01
2.297758092651369655e-02 2.187795147122145734e-02 -4.528522638629972619e-01
7.453288092651366714e-02 1.672901622042000103e-01 -4.847863237125933367e-01
5.113268092651368502e-02 1.913738373404324233e-01 -4.795249745109557704e-01
-2.849801907348636920e-02 1.377563511302769272e-01 -4.734331857984840353e-01
-2.612481907348629395e-02 1.322585332640587863e-01 -4.346288868036926045e-01
1.156818092651368257e-02 1.926706457163929465e-01 -4.723770366883933702e-01
-1.257431907348627309e-02 1.765491996950447617e-01 -4.764292004303395389e-01
