8.268699999999995498e-02 4.982769269710807247e-03 -5.767142302560388512e-01
1.003779999999998562e-02 1.558222902761696727e-02 -6.258717978680848892e-01
3.119399999999994400e-03 2.963675388062592120e-02 -6.262887787298142550e-01
4.177759999999997031e-02 5.538533977008464060e-02 -6.151550998078644250e-01
5.881510000000000904e-02 -1.623446431142094859e-02 -5.921259758416295149e-01
9.671940000000001092e-02 -2.580232600390974795e-04 -5.088802051055371090e-01
4.914929999999995136e-02 2.994321395434740296e-02 -5.958510850118458047e-01
-2.712209999999998233e-02 1.001934936454892955e-01 -6.488957599549054489e-01
-1.116669999999997387e-02 8.441044629545213507e-02 -6.435023737843871272e-01
5.748869999999994818e-02 -4.717745652657756583e-03 -5.131160574950635045e-01
1.909740000000004212e-02 5.986839668608306964e-02 -5.929294612633406736e-01
4.426989999999997316e-02 3.837652283583881108e-02 -5.531144711271523962e-01
5.227689999999995951e-02 1.175013460323809378e-02 -5.351757380808830344e-01
-4.856000000000026962e-03 8.782061011071801149e-02 -6.058306242652953255e-01
3.049679999999999058e-02 1.113712960298300081e-01 -6.080102808809996207e-01
6.367259999999996811e-02 3.525733345605136515e-02 -5.473856335053801647e-01
-1.035259999999998959e-02 1.175469544189870763e-01 -6.092429801115453181e-01
4.033169999999997035e-02 8.272229959493893059e-03 -4.939769399975955655e-01
8.476740000000004827e-02 6.666949101249575182e-02 -5.441768536979496584e-01
3.095749999999997115e-02 8.243408287585970995e-02 -5.640036325283527274e-01
5.453529999999995326e-02 8.520629496405721093e-02 -5.740014858471215176e-01
8.335000000000003517e-02 4.522435691968804128e-02 -5.308108387059986555e-01
2.507429999999999382e-02 4.978759974330065896e-02 -5.498863165942491360e-01
-5.266999999999910642e-04 9.659403734813923337e-02 -5.518159402564049021e-01
4.020820000000002725e-02 1.306705024998186526e-02 -4.587079392798543154e-01
8.926000000000211543e-04 1.347971776041984870e-01 -5.673903911095619090e-01
-2.470959999999999823e-02 1.444063343320012016e-01 -6.205433240989685073e-01
6.183099999999996932e-02 -3.219457119643664988e-03 -4.678512540681838972e-01
3.672399999999997888e-02 3.253893219298123474e-02 -5.079403894987464252e-01
1.091936000000000018e-01 7.056734636639952485e-02 -4.662784364817083027e-01
1.013287000000000493e-01 3.362271473795772070e-02 -5.184153984652936087e-01
6.529090000000004057e-02 1.009460673798263375e-01 -5.438893440856397143e-01
1.093735999999999597e-01 2.250084449905154216e-02 -4.801979039418220463e-01
1.298270000000001367e-02 7.821612028759120094e-02 -5.141945367392718458e-01
9.737910000000005173e-02 8.725266195378900136e-02 -5.083604816302597085e-01
5.612070000000002334e-02 1.412065347805380733e-01 -5.428107941307545037e-01
2.086259999999995340e-02 2.284372057138087109e-02 -4.172823013450444041e-01
-1.920519999999997784e-02 1.461063604262352045e-01 -5.363181397770167003e-01
2.207599999999976248e-03 6.418860691316125022e-02 -4.403776105048656242e-01
-1.573730000000000961e-02 1.719851246718824556e-01 -5.787901543087184963e-01
5.763510000000005018e-02 2.725175345917940639e-02 -4.054062310262322444e-01
7.624679999999994795e-02 2.016512941941026038e-02 -4.234179374910712612e-01
1.004306999999999839e-01 4.740860972939131557e-02 -4.338264784213244907e-01
-6.349199999999999289e-03 1.184763755562723009e-01 -5.183340811868488718e-01
-7.189400000000012447e-03 9.455488284745217076e-02 -4.670331315363526192e-01
9.209029999999995830e-02 1.041537865271032204e-01 -4.575370411809265847e-01
7.648169999999998581e-02 1.304894124562561708e-01 -4.927465742193877785e-01
-2.305610000000002380e-02 1.253321999466121550e-01 -4.860405150427401511e-01
7.644819999999996618e-02 4.626168254993556772e-02 -4.014773336851656382e-01
1.380709999999996107e-02 1.669254928963720963e-01 -5.647272148851574247e-01
7.630269999999994557e-02 1.041800908989131691e-01 -4.008680904929221023e-01
-2.791919999999997737e-02 1.621006912788748866e-01 -5.128895711969256865e-01
5.149689999999995660e-02 1.625633512378871492e-01 -4.868610417375862642e-01
2.848510000000004094e-02 1.771615704856455420e-01 -5.262763044172108495e-01
9.134779999999997901e-02 7.729398235002757356e-02 -4.036497778118253166e-01
-9.639400000000020174e-03 1.861290278205037230e-01 -5.048210586976051850e-01
7.366039999999995924e-02 1.353273662596583826e-01 -4.413412556097746631e-01
-2.958889999999997356e-02 1.183520661862671464e-01 -4.350526015589177842e-01
-3.670350000000000001e-02 1.327464265524983533e-01 -4.310497408498048522e-01
2.862019999999998454e-02 1.879875165416896310e-01 -4.818193704740106886e-01
5.239839999999995612e-02 1.428724076178252422e-01 -4.056786792643606310e-01
6.693100000000007377e-03 1.864796113566160041e-01 -4.926373262235640982e-01
-1.678669999999998774e-02 1.693607686091006259e-01 -4.691126618335544896e-01
9.463710000000002953e-02 7.060722718817591392e-02 -3.731359286948263687e-01
2.831950000000005296e-02 1.820097066265225771e-01 -4.530219523282885685e-01
7.679990000000003203e-02 1.398756184197664509e-01 -3.826635560121536273e-01
1.752100000000034186e-03 1.617071156512022156e-01 -4.203007280102372123e-01
4.447360000000000202e-02 1.716254901691257606e-01 -3.882179503939926501e-01
1.736939999999997930e-02 1.694062355743527204e-01 -4.158937557825922449e-01
3.208009999999994477e-02 1.479145031454623116e-01 -5.473490760854184956e-01
