-0.1670507 0.04446232 -0.8014147 
-0.2463306 0.02324361 -0.7686858 
-0.2548715 0.03433773 -0.7616473 
-0.2351904 0.07172066 -0.7839311 
-0.1842101 0.0145632 -0.7930988 
-0.1042403 0.05818382 -0.7751012 
-0.2075641 0.0541923 -0.7819722 
-0.3118106 0.08686641 -0.7415837 
-0.294176 0.07778248 -0.7533849 
-0.125876 0.04202852 -0.7459845 
-0.2304368 0.07431361 -0.7523218 
-0.1788486 0.0699338 -0.752835 
-0.1515908 0.05118269 -0.7523042 
-0.2621652 0.09089231 -0.7368302 
-0.2540047 0.1224109 -0.7642016 
-0.1634666 0.07373202 -0.7657958 
-0.2776407 0.1163887 -0.7308339 
-0.1236553 0.0534645 -0.7196463 
-0.1608435 0.1097394 -0.7775685 
-0.2090281 0.1050039 -0.7430294 
-0.2060375 0.1120882 -0.7676145 
-0.1437137 0.09218338 -0.7713308 
-0.1897855 0.07588014 -0.7340167 
-0.2199501 0.1119878 -0.7087916 
-0.09726341 0.06553343 -0.6990378 
-0.2444686 0.1447308 -0.7143414 
-0.3028934 0.1350001 -0.7223979 
-0.08817206 0.05443677 -0.7237483 
-0.1447403 0.07211065 -0.7217931 
-0.0878594 0.137111 -0.7529898 
-0.1208932 0.08909202 -0.7803388 
-0.1819471 0.1363432 -0.757539 
-0.08269025 0.08922616 -0.7665727 
-0.1770298 0.1067531 -0.7006634 
-0.1329066 0.1402779 -0.765221 
-0.1992401 0.1716195 -0.744784 
-0.07733046 0.07816477 -0.6586764 
-0.2336686 0.1563447 -0.6790458 
-0.1190029 0.1065537 -0.6517282 
-0.2744169 0.1723333 -0.702911 
-0.05083596 0.09522907 -0.6814697 
-0.05341081 0.08996512 -0.7076746 
-0.05866636 0.120005 -0.7301555 
-0.2035945 0.1380338 -0.6825643 
-0.1551545 0.1265243 -0.6556231 
-0.1008082 0.1655664 -0.730195 
-0.1455413 0.178168 -0.734324 
-0.1886175 0.1467061 -0.6498614 
-0.04462088 0.1191559 -0.6924071 
-0.2466416 0.178981 -0.7196614 
-0.06367566 0.1733824 -0.6852427 
-0.2247907 0.1738986 -0.6568265 
-0.1642249 0.2023682 -0.7068852 
-0.2120895 0.2010007 -0.7087075 
-0.04927334 0.1518969 -0.7022102 
-0.2172369 0.2032601 -0.6644061 
-0.1076823 0.1930032 -0.7023789 
-0.1489884 0.1493574 -0.6164896 
-0.1542253 0.1616689 -0.6067511 
-0.1802829 0.2207655 -0.6824142 
-0.09255083 0.2017622 -0.6639715 
-0.1994313 0.2108301 -0.6708069 
-0.1867864 0.193287 -0.6403092 
-0.02108708 0.1531696 -0.6884065 
-0.1555095 0.2213168 -0.6665685 
-0.06093591 0.2108214 -0.6712196 
-0.1360318 0.2019139 -0.6287155 
-0.09231254 0.2301746 -0.6442966 
-0.1272448 0.2144701 -0.638082 
-0.2172174 0.1701241 -0.726948 