-4.733721000000000179e-01 2.685610999999999970e-01 -4.988526000000105022e-03
-4.748838000000000226e-01 2.737125000000000252e-01 -4.349898000000010367e-02
-4.666716000000000197e-01 2.474393000000000009e-01 -3.790328000000010161e-02
-4.455843999999999916e-01 2.649717999999999796e-01 -5.640108000000009641e-02
-4.408352999999999855e-01 2.363272999999999902e-01 -5.049372000000009603e-02
-4.373731000000000146e-01 2.362917999999999963e-01 3.728281999999902719e-03
-4.224554999999999838e-01 2.347909999999999997e-01 -8.016446000000010397e-02
-4.481733999999999996e-01 2.750806000000000084e-01 -3.519185000000009389e-02
-4.507515000000000271e-01 2.645006999999999775e-01 3.369158999999899862e-03
-4.144033999999999773e-01 2.668007000000000017e-01 -8.464231000000009553e-02
-4.116153000000000173e-01 2.826121999999999801e-01 -1.216210000000091194e-03
-4.044749000000000261e-01 2.129556999999999978e-01 -4.716075000000009149e-02
-4.043499999999999872e-01 2.950232999999999883e-01 -4.188444000000009215e-02
-3.921259000000000272e-01 2.115547999999999873e-01 8.588518999912929578e-06
-4.122412999999999772e-01 2.180654999999999955e-01 -2.588495000000009053e-02
-4.170731999999999773e-01 2.401256999999999975e-01 3.301935999999990740e-02
-4.134997999999999729e-01 2.937346000000000124e-01 -1.038300000000009181e-02
-3.917296000000000111e-01 2.251864000000000088e-01 2.367276999999991249e-02
-3.619928000000000035e-01 2.729723000000000011e-01 -9.877156000000007763e-02
-3.819780999999999871e-01 2.075671000000000044e-01 -6.606006000000008704e-02
-3.845143999999999784e-01 2.882668999999999926e-01 -5.461717000000008287e-02
-3.672429999999999861e-01 2.099690999999999919e-01 -2.971531000000008499e-02
-3.674667999999999823e-01 2.190774000000000055e-01 3.313654999999991746e-02
-3.949829000000000256e-01 2.343581000000000136e-01 -8.330222000000007954e-02
-3.555570000000000119e-01 3.177709000000000228e-01 -4.968866000000007888e-02
-3.768562999999999774e-01 2.296446000000000043e-01 -7.360272000000007975e-02
-3.417564000000000157e-01 3.034959999999999880e-01 1.322702999999992440e-02
-3.829386000000000179e-01 3.058979000000000004e-01 -6.518085000000084853e-03
-3.549169999999999825e-01 2.421647000000000105e-01 -8.700431000000008464e-02
-3.414018999999999804e-01 2.203307999999999933e-01 -5.706883000000007727e-02
-3.370406000000000235e-01 1.929879999999999929e-01 -7.498242000000074174e-03
-3.856275000000000119e-01 2.813678000000000012e-01 4.583880999999991740e-02
-3.519084000000000101e-01 3.151765999999999734e-01 8.328710999999218651e-04
-3.502595000000000014e-01 2.179745999999999906e-01 2.067602999999922260e-03
-3.490801000000000043e-01 2.214049999999999907e-01 2.240729999999992519e-02
-3.414497000000000226e-01 3.594043000000000099e-01 3.498061999999992067e-02
-3.416950999999999738e-01 2.025774999999999937e-01 -3.119983000000007764e-02
-3.425631000000000093e-01 3.444795999999999969e-01 -1.797773000000007712e-02
-3.365093000000000112e-01 3.485767000000000171e-01 -8.402116000000006690e-02
-3.391018000000000088e-01 2.152893999999999919e-01 -3.792743000000007442e-02
