0.004988526 -0.07219687 -0.5394384 
0.04349898 -0.0690069 -0.5437566 
0.03790328 -0.0849728 -0.5213331 
0.05640108 -0.05825937 -0.5151323 
0.05049372 -0.07820766 -0.4940343 
-0.003728282 -0.07614312 -0.4912547 
0.08016446 -0.06832145 -0.4784639 
0.03519185 -0.0517714 -0.5233053 
-0.003369159 -0.06175794 -0.5189638 
0.08464231 -0.03795438 -0.4913983 
0.00121621 -0.02367316 -0.4987348 
0.04716075 -0.0748473 -0.4509412 
0.04188444 -0.009394467 -0.5004492 
-8.588519e-06 -0.06849861 -0.4402568 
0.02588495 -0.07547119 -0.4602168 
-0.03301936 -0.06081818 -0.4774008 
0.010383 -0.01595186 -0.5069592 
-0.02367277 -0.05739978 -0.448181 
0.09877156 -0.001357183 -0.4533771 
0.06606006 -0.06554133 -0.4297624 
0.05461717 -0.002786756 -0.4805636 
0.02971531 -0.05472086 -0.4194759 
-0.03313655 -0.04760018 -0.42516 
0.08330222 -0.05205987 -0.4563167 
0.04968866 0.03822078 -0.4753296 
0.07360272 -0.04485783 -0.4390274 
-0.01322703 0.03519107 -0.455707 
0.006518085 0.01221108 -0.4899657 
0.08700431 -0.02162226 -0.429118 
0.05706883 -0.03084622 -0.4051535 
0.007498242 -0.04999195 -0.3851514 
-0.04583881 -0.008955598 -0.47728 
-0.0008328711 0.03835957 -0.4708549 
-0.002067603 -0.03807741 -0.4107856 
-0.0224073 -0.03463171 -0.4119195 
-0.03498062 0.07991458 -0.4892576 
0.03119983 -0.04516624 -0.3946558 
0.01797773 0.06735216 -0.481123 
0.08402116 0.07427533 -0.4787771 
0.03792743 -0.03347197 -0.4002739 