3.203496634960174561e-01 -4.908134241338490966e-01 4.900888144532267177e-02
3.648313581943511963e-01 -4.703134713235073150e-01 3.654755476703996919e-02
3.165393769741058350e-01 -3.923689244093342410e-01 1.050609226247622985e-02
2.630355358123779297e-01 -4.280934776795870533e-01 1.949744788881879742e-02
3.885567188262939453e-01 -3.988103535975593417e-01 4.540022619073091903e-02
2.493841052055358887e-01 -3.513661001194412492e-01 1.221275510673169862e-02
3.086017370223999023e-01 -3.295453599297815117e-01 1.140177599827651989e-02
3.383184671401977539e-01 -4.150483328657230686e-01 8.470568101630604474e-02
2.843281030654907227e-01 -3.668224555586352409e-01 6.341206091523865496e-02
3.509545028209686279e-01 -3.716684790440574204e-01 9.709609562318277654e-02
3.004292547702789307e-01 -4.311139525998513022e-01 5.686427415661654550e-02
1.334763914346694946e-01 -2.060568713422710196e-01 3.329405361319630607e-01
1.103024333715438843e-01 -1.636911391670503590e-01 3.884224094861492560e-01
1.067522093653678894e-01 -1.140605390332716240e-01 4.455428416469189301e-01
3.254460990428924561e-01 -1.065794840873328653e-01 4.560656767446795712e-01
2.558879256248474121e-01 -1.682220095981259433e-01 3.661732149785725809e-01
2.032564580440521240e-01 -1.304938794776520083e-01 4.056485848210114042e-01
2.427530288696289062e-01 -1.315576553791490966e-01 4.208097015914393779e-01
1.305377781391143799e-01 -1.182476070902156451e-01 3.723820357138469817e-01
1.720732152462005615e-01 -1.405563445570070513e-01 3.064952278002355257e-01
1.560000032186508179e-01 -6.440881279203836129e-02 4.303991842081877905e-01
2.546039223670959473e-01 -1.073984921702919593e-01 3.648997163624745355e-01
1.890617758035659790e-01 -1.215515090251528818e-01 3.398246810777258986e-01
3.049459755420684814e-01 -9.207058978644866443e-02 4.299847964007206258e-01
2.752227485179901123e-01 -8.709824166148916191e-02 4.038202756373232560e-01
2.283057123422622681e-01 -9.428101282890910539e-02 4.240653664590814387e-01
4.096623361110687256e-01 -3.344154387285795949e-01 4.409322083064015629e-02
4.425995051860809326e-01 -3.596344687188013367e-01 8.056048585264097284e-02
3.426204919815063477e-01 -4.315548507745781137e-01 2.774379476020882862e-02
