-9.881718754768371582e-01 5.751266479492187500e-01 4.502911493182182312e-02
-8.110746741294860840e-01 6.232756674289703369e-01 6.592509895563125610e-02
-6.531878709793090820e-01 6.009447574615478516e-01 -1.316209882497787476e-01
-7.341314852237701416e-01 5.775797069072723389e-01 -8.902037143707275391e-02
-9.701934456825256348e-01 6.158829331398010254e-01 1.454861313104629517e-01
-1.008878529071807861e+00 6.637293100357055664e-01 1.257689595222473145e-01
-9.170264601707458496e-01 5.860294997692108154e-01 2.186461538076400757e-01
-8.850126266479492188e-01 5.699633359909057617e-01 2.273586243391036987e-01
-5.393924862146377563e-01 5.671748816967010498e-01 8.274848014116287231e-02
-6.026413142681121826e-01 6.504388749599456787e-01 9.873504936695098877e-02
-7.375097274780273438e-01 5.927441716194152832e-01 1.453421711921691895e-01
-6.926905810832977295e-01 6.400319337844848633e-01 4.692120105028152466e-02
-6.587300300598144531e-01 6.009747982025146484e-01 1.261219233274459839e-01
-4.680661410093307495e-01 6.851087212562561035e-01 5.828486755490303040e-02
-4.647566527128219604e-01 6.232826411724090576e-01 5.463178455829620361e-02
-3.298543021082878113e-01 7.033841609954833984e-01 1.119530480355024338e-02
-3.751917406916618347e-01 7.549968957901000977e-01 1.396406721323728561e-02
-2.629216350615024567e-01 9.238709211349487305e-01 -1.505597382783889771e-01
-4.825578182935714722e-01 8.360446095466613770e-01 4.768365621566772461e-02
-5.056644976139068604e-01 9.125201106071472168e-01 -6.899812817573547363e-02
-6.728603243827819824e-01 7.850089371204376221e-01 1.001716479659080505e-01
-6.746084392070770264e-01 8.188890814781188965e-01 5.701938644051551819e-02
-8.541807532310485840e-01 7.699365615844726562e-01 1.852848529815673828e-01
-5.303789526224136353e-01 7.445937991142272949e-01 6.780847162008285522e-02
-7.448938190937042236e-01 6.815676391124725342e-01 -4.732400923967361450e-02
-8.567361831665039062e-01 8.395730257034301758e-01 5.451985448598861694e-02
-8.897250294685363770e-01 8.266918063163757324e-01 1.057928651571273804e-01
-8.168276548385620117e-01 7.240010499954223633e-01 -5.027117952704429626e-02
-6.129247844219207764e-01 8.152369856834411621e-01 -1.060394272208213806e-01
-6.456073820590972900e-01 8.383786082267761230e-01 -3.510058671236038208e-02
-7.315841615200042725e-01 8.251678943634033203e-01 -1.494810171425342560e-02
-4.360848665237426758e-01 6.855395734310150146e-01 -2.430346757173538208e-01
-4.981283843517303467e-01 7.704142928123474121e-01 -2.217590808868408203e-01
-4.541238993406295776e-01 6.325627565383911133e-01 -2.323001474142074585e-01
-5.454077124595642090e-01 6.185395419597625732e-01 -1.983135342597961426e-01
-5.623723268508911133e-01 7.235860824584960938e-01 -1.997624188661575317e-01
-5.832277834415435791e-01 5.833250284194946289e-01 -1.666105091571807861e-01
-6.225845217704772949e-01 7.565832436084747314e-01 -1.647864282131195068e-01
-5.572425425052642822e-01 8.464436531066894531e-01 -2.140675634145736694e-01
-7.144632637500762939e-01 7.064892649650573730e-01 -1.195886507630348206e-01
-7.105959057807922363e-01 8.000587224960327148e-01 -9.380449354648590088e-02
-8.877657651901245117e-01 7.678871750831604004e-01 2.068629488348960876e-03
-8.037169575691223145e-01 7.771768569946289062e-01 1.858922839164733887e-02
-8.955307602882385254e-01 7.339766025543212891e-01 -4.135916382074356079e-02
-7.990781366825103760e-01 5.616672635078430176e-01 -5.156248435378074646e-02
-7.667529881000518799e-01 6.136175096035003662e-01 5.638552363961935043e-03
-9.413487315177917480e-01 6.302208900451660156e-01 6.792395561933517456e-02
-9.347711801528930664e-01 5.923341214656829834e-01 2.762280963361263275e-02
-9.164739251136779785e-01 7.528346180915832520e-01 5.585850775241851807e-02
-9.015586376190185547e-01 7.934659719467163086e-01 1.274041384458541870e-01
-7.268804311752319336e-01 7.028523385524749756e-01 8.899523317813873291e-02
-8.147118091583251953e-01 7.394557297229766846e-01 6.905482709407806396e-02
-7.310834825038909912e-01 5.601412653923034668e-01 -3.002906218171119690e-02
-8.983402252197265625e-01 5.569221675395965576e-01 1.078895255923271179e-01
-7.300255000591278076e-01 5.648400187492370605e-01 1.100956723093986511e-01
-6.573188006877899170e-01 5.764085352420806885e-01 3.376844897866249084e-02
-8.409653902053833008e-01 5.352779179811477661e-01 6.370209902524948120e-02
-8.601063489913940430e-01 5.548214912414550781e-01 1.816999167203903198e-01
-9.077204465866088867e-01 5.672449767589569092e-01 1.769798249006271362e-01
-9.519037008285522461e-01 5.580799877643585205e-01 6.195202097296714783e-02
-8.700678348541259766e-01 5.348518490791320801e-01 2.145658060908317566e-02
-9.652053713798522949e-01 5.835109651088714600e-01 1.365892291069030762e-01
-8.065377473831176758e-01 5.483810454607009888e-01 1.165538877248764038e-01
-5.515288412570953369e-01 8.180914521217346191e-01 2.082270197570323944e-02
-5.373163819313049316e-01 8.656241297721862793e-01 -5.109810829162597656e-02
-4.137679040431976318e-01 8.831292390823364258e-01 -1.022358536720275879e-01
-3.421061560511589050e-01 9.024169445037841797e-01 -1.436611115932464600e-01
-3.909083530306816101e-01 6.407715976238250732e-01 -3.326620534062385559e-02
-4.586669504642486572e-01 7.847491204738616943e-01 -3.710102662444114685e-02
-4.028500318527221680e-01 6.847361922264099121e-01 -8.320074528455734253e-02
-4.648712128400802612e-01 7.367883920669555664e-01 -1.659296303987503052e-01
-5.185015052556991577e-01 7.842704653739929199e-01 -1.547010391950607300e-01
-4.377106726169586182e-01 6.182470321655273438e-01 -1.579145342111587524e-01
-4.291330128908157349e-01 6.284741163253784180e-01 -2.010789960622787476e-01
-4.257428944110870361e-01 7.468034327030181885e-01 -8.439566195011138916e-02
-4.427689909934997559e-01 7.013791203498840332e-01 -1.888909935951232910e-01
-3.905993327498435974e-01 6.254093348979949951e-01 -7.720556110143661499e-02
-4.165185615420341492e-01 6.750931143760681152e-01 -1.338686347007751465e-01
-3.435743376612663269e-01 6.434263885021209717e-01 -1.888031512498855591e-02
-3.904654905200004578e-01 7.672762572765350342e-01 -2.381129935383796692e-02
-3.543941974639892578e-01 7.198312282562255859e-01 -2.801222167909145355e-02
-3.969179615378379822e-01 7.110252380371093750e-01 -2.328530848026275635e-01
-4.428700953722000122e-01 7.781470715999603271e-01 -2.084171921014785767e-01
-5.992672145366668701e-01 7.477882206439971924e-01 1.000735536217689514e-01
-6.162274479866027832e-01 8.278288245201110840e-01 1.991889812052249908e-02
-7.833234965801239014e-01 7.592062056064605713e-01 1.423990279436111450e-01
-7.968149483203887939e-01 7.830475866794586182e-01 9.481772035360336304e-02
-7.269298136234283447e-01 7.517336905002593994e-01 1.339334845542907715e-01
-8.571654558181762695e-01 6.118406653404235840e-01 1.504680067300796509e-01
-6.267827451229095459e-01 5.713691413402557373e-01 -8.595680445432662964e-02
-6.127207279205322266e-01 6.764248609542846680e-01 -1.567993760108947754e-01
