-1.488171875476837158e+00 -3.748733401298522949e-01 3.450291268527507782e-01
-1.311074674129486084e+00 -3.267243206501007080e-01 3.659251108765602112e-01
-1.153187870979309082e+00 -3.490552306175231934e-01 1.683790236711502075e-01
-1.234131485223770142e+00 -3.724202811717987061e-01 2.109796404838562012e-01
-1.470193445682525635e+00 -3.341170549392700195e-01 4.454861432313919067e-01
-1.508878529071807861e+00 -2.862706780433654785e-01 4.257689714431762695e-01
-1.417026460170745850e+00 -3.639704883098602295e-01 5.186461657285690308e-01
-1.385012626647949219e+00 -3.800366520881652832e-01 5.273586362600326538e-01
-1.039392486214637756e+00 -3.828251063823699951e-01 3.827484920620918274e-01
-1.102641314268112183e+00 -2.995611131191253662e-01 3.987350612878799438e-01
-1.237509727478027344e+00 -3.572558164596557617e-01 4.453421831130981445e-01
-1.192690581083297729e+00 -3.099680542945861816e-01 3.469212129712104797e-01
-1.158730030059814453e+00 -3.490251898765563965e-01 4.261219352483749390e-01
-9.680661410093307495e-01 -2.648912668228149414e-01 3.582848794758319855e-01
-9.647566527128219604e-01 -3.267173469066619873e-01 3.546317964792251587e-01
-8.298543021082878113e-01 -2.466158270835876465e-01 3.111953167244791985e-01
-8.751917406916618347e-01 -1.950030922889709473e-01 3.139640791341662407e-01
-7.629216350615024567e-01 -2.612906694412231445e-02 1.494402736425399780e-01
-9.825578182935714722e-01 -1.139553785324096680e-01 3.476836681365966797e-01
-1.005664497613906860e+00 -3.747987747192382812e-02 2.310018837451934814e-01
-1.172860324382781982e+00 -1.649910509586334229e-01 4.001716598868370056e-01
-1.174608439207077026e+00 -1.311109066009521484e-01 3.570193983614444733e-01
-1.354180753231048584e+00 -1.800634264945983887e-01 4.852848649024963379e-01
-1.030378952622413635e+00 -2.054061889648437500e-01 3.678084835410118103e-01
-1.244893819093704224e+00 -2.684323489665985107e-01 2.526760026812553406e-01
-1.356736183166503906e+00 -1.104269623756408691e-01 3.545198664069175720e-01
-1.389725029468536377e+00 -1.233081817626953125e-01 4.057928770780563354e-01
-1.316827654838562012e+00 -2.259989380836486816e-01 2.497288323938846588e-01
-1.112924784421920776e+00 -1.347630023956298828e-01 1.939605847001075745e-01
-1.145607382059097290e+00 -1.116213798522949219e-01 2.648994252085685730e-01
-1.231584161520004272e+00 -1.248320937156677246e-01 2.850519102066755295e-01
-9.360848665237426758e-01 -2.644604146480560303e-01 5.696533620357513428e-02
-9.981283843517303467e-01 -1.795856952667236328e-01 7.824093103408813477e-02
-9.541238993406295776e-01 -3.174372315406799316e-01 6.769986450672149658e-02
-1.045407712459564209e+00 -3.314604461193084717e-01 1.016864776611328125e-01
-1.062372326850891113e+00 -2.264139056205749512e-01 1.002375930547714233e-01
-1.083227783441543579e+00 -3.666749596595764160e-01 1.333895027637481689e-01
-1.122584521770477295e+00 -1.934167444705963135e-01 1.352135837078094482e-01
-1.057242542505264282e+00 -1.035563349723815918e-01 8.593244850635528564e-02
-1.214463263750076294e+00 -2.435107231140136719e-01 1.804113611578941345e-01
-1.210595905780792236e+00 -1.499412655830383301e-01 2.061955183744430542e-01
-1.387765765190124512e+00 -1.821128129959106445e-01 3.020686414092779160e-01
-1.303716957569122314e+00 -1.728231310844421387e-01 3.185892403125762939e-01
-1.395530760288238525e+00 -2.160233855247497559e-01 2.586408481001853943e-01
-1.299078136682510376e+00 -3.883327245712280273e-01 2.484375275671482086e-01
-1.266752988100051880e+00 -3.363824784755706787e-01 3.056385642848908901e-01
-1.441348731517791748e+00 -3.197790980339050293e-01 3.679239675402641296e-01
-1.434771180152893066e+00 -3.576658666133880615e-01 3.276228215545415878e-01
-1.416473925113677979e+00 -1.971653699874877930e-01 3.558585196733474731e-01
-1.401558637619018555e+00 -1.565340161323547363e-01 4.274041503667831421e-01
-1.226880431175231934e+00 -2.471476495265960693e-01 3.889952450990676880e-01
-1.314711809158325195e+00 -2.105442583560943604e-01 3.690548390150070190e-01
-1.231083482503890991e+00 -3.898587226867675781e-01 2.699709497392177582e-01
-1.398340225219726562e+00 -3.930778205394744873e-01 4.078895375132560730e-01
-1.230025500059127808e+00 -3.851599693298339844e-01 4.100956842303276062e-01
-1.157318800687789917e+00 -3.735914528369903564e-01 3.337684608995914459e-01
-1.340965390205383301e+00 -4.147220700979232788e-01 3.637021109461784363e-01
-1.360106348991394043e+00 -3.951784968376159668e-01 4.816999286413192749e-01
-1.407720446586608887e+00 -3.827550113201141357e-01 4.769798368215560913e-01
-1.451903700828552246e+00 -3.919200003147125244e-01 3.619520328938961029e-01
-1.370067834854125977e+00 -4.151481389999389648e-01 3.214565925300121307e-01
-1.465205371379852295e+00 -3.664890229701995850e-01 4.365892410278320312e-01
-1.306537747383117676e+00 -4.016189426183700562e-01 4.165538996458053589e-01
-1.051528841257095337e+00 -1.319085359573364258e-01 3.208227138966321945e-01
-1.037316381931304932e+00 -8.437585830688476562e-02 2.489019036293029785e-01
-9.137679040431976318e-01 -6.687074899673461914e-02 1.977641582489013672e-01
-8.421061560511589050e-01 -4.758304357528686523e-02 1.563389003276824951e-01
-8.909083530306816101e-01 -3.092283904552459717e-01 2.667338065803050995e-01
-9.586669504642486572e-01 -1.652508676052093506e-01 2.628989852964878082e-01
-9.028500318527221680e-01 -2.652637958526611328e-01 2.167992666363716125e-01
-9.648712128400802612e-01 -2.132115960121154785e-01 1.340703815221786499e-01
-1.018501505255699158e+00 -1.657295227050781250e-01 1.452989727258682251e-01
-9.377106726169586182e-01 -3.317529559135437012e-01 1.420854777097702026e-01
-9.291330128908157349e-01 -3.215258717536926270e-01 9.892101585865020752e-02
-9.257428944110870361e-01 -2.031965553760528564e-01 2.156043499708175659e-01
-9.427689909934997559e-01 -2.486208677291870117e-01 1.111090183258056641e-01
-8.905993327498435974e-01 -3.245906531810760498e-01 2.227944508194923401e-01
-9.165185615420341492e-01 -2.749068737030029297e-01 1.661313772201538086e-01
-8.435743376612663269e-01 -3.065735995769500732e-01 2.811196967959403992e-01
-8.904654905200004578e-01 -1.827237308025360107e-01 2.761887125670909882e-01
-8.543941974639892578e-01 -2.301687598228454590e-01 2.719877902418375015e-01
-8.969179615378379822e-01 -2.389747500419616699e-01 6.714692711830139160e-02
-9.428700953722000122e-01 -1.718529164791107178e-01 9.158281981945037842e-02
-1.099267214536666870e+00 -2.022117674350738525e-01 4.000735655426979065e-01
-1.116227447986602783e+00 -1.221711635589599609e-01 3.199189100414514542e-01
-1.283323496580123901e+00 -1.907937824726104736e-01 4.423990398645401001e-01
-1.296814948320388794e+00 -1.669524013996124268e-01 3.948177322745323181e-01
-1.226929813623428345e+00 -1.982662975788116455e-01 4.339334964752197266e-01
-1.357165455818176270e+00 -3.381593227386474609e-01 4.504680186510086060e-01
-1.126782745122909546e+00 -3.786308467388153076e-01 2.140432074666023254e-01
-1.112720727920532227e+00 -2.735751271247863770e-01 1.432006359100341797e-01
