-9.920670644020752604e-01 1.181154889705343436e+00 4.502911493182182312e-02
-8.327939369444319340e-01 1.089974757445569153e+00 6.592509895563125610e-02
-7.369414472855524423e-01 9.625415925911084969e-01 -1.316209882497787476e-01
-8.106988102389500739e-01 1.003255784730626488e+00 -8.902037143707275391e-02
-9.505353498559827585e-01 1.197261265441284195e+00 1.454861313104629517e-01
-9.440573372038763011e-01 1.258448246747743582e+00 1.257689595222473145e-01
-9.340501793255331364e-01 1.138556965277293997e+00 2.186461538076400757e-01
-9.227734740980721995e-01 1.104559273728099811e+00 2.273586243391036987e-01
-6.803548681723095015e-01 8.581971979889049251e-01 8.274848014116287231e-02
-6.662020093681277899e-01 9.617974056996878573e-01 9.873504936695098877e-02
-8.023646925570382393e-01 1.016367458343726327e+00 1.453421711921691895e-01
-7.372352740349175093e-01 1.018113033265203526e+00 4.692120105028152466e-02
-7.408391034754373550e-01 9.664817328035653077e-01 1.261219233274459839e-01
-5.465277104068109182e-01 8.911536727368813970e-01 5.828486755490303040e-02
-5.879051885634174468e-01 8.450958714269374283e-01 5.463178455829620361e-02
-4.358744964045961900e-01 8.063458330298893806e-01 1.119530480355024338e-02
-4.314371919756134766e-01 8.748999568894242351e-01 1.396406721323728561e-02
-2.326382738746850531e-01 9.149249716764209506e-01 -1.505597382783889771e-01
-4.500470852018993995e-01 1.008128624147954788e+00 4.768365621566772461e-02
-4.123096300913520196e-01 1.078543857975470033e+00 -6.899812817573547363e-02
-6.206989448687902922e-01 1.106605144940077778e+00 1.001716479659080505e-01
-5.979781692812959903e-01 1.131798128178365559e+00 5.701938644051551819e-02
-7.595696262484530337e-01 1.224160268784398653e+00 1.852848529815673828e-01
-5.485272200862203462e-01 9.772777848421219105e-01 6.780847162008285522e-02
-7.447783586040905845e-01 1.084396474626650786e+00 -4.732400923967361450e-02
-7.121361729000810215e-01 1.275207645743336116e+00 5.451985448598861694e-02
-7.445712068472047918e-01 1.289425884845151415e+00 1.057928651571273804e-01
-7.656383087148270761e-01 1.165266328878779234e+00 -5.027117952704429626e-02
-5.569436610985771807e-01 1.085598776680120281e+00 -1.060394272208213806e-01
-5.636901491711032719e-01 1.125072460648647521e+00 -3.510058671236038208e-02
-6.338262971092678555e-01 1.176525838192342022e+00 -1.494810171425342560e-02
-5.236088762448414258e-01 8.688441555534058836e-01 -2.430346757173538208e-01
-5.074647790801289915e-01 9.727310355861416014e-01 -2.217590808868408203e-01
-5.738246642867546043e-01 8.441394119366245619e-01 -2.323001474142074585e-01
-6.482879764039157777e-01 8.987709041480282934e-01 -1.983135342597961426e-01
-5.860046502193299034e-01 9.850458176746599293e-01 -1.997624188661575317e-01
-6.999312254969023428e-01 9.006133114523020566e-01 -1.666105091571807861e-01
-6.052485848186943684e-01 1.050954784293496758e+00 -1.647864282131195068e-01
-4.955039251459236738e-01 1.068291932278588874e+00 -2.140675634145736694e-01
-7.056384565966329347e-01 1.080501073293122616e+00 -1.195886507630348206e-01
-6.367402247983200425e-01 1.143930035094324893e+00 -9.380449354648590088e-02
-7.847669506120631411e-01 1.246459323012910403e+00 2.068629488348960876e-03
-7.187666728474901845e-01 1.193596639172827878e+00 1.858922839164733887e-02
-8.142360265865384861e-01 1.227971608230010503e+00 -4.135916382074356079e-02
-8.678748235552422585e-01 1.037928205166084084e+00 -5.156248435378074646e-02
-8.082831215110424239e-01 1.051805244461618827e+00 5.638552363961935043e-03
-9.200005908351478467e-01 1.187003439185712494e+00 6.792395561933517456e-02
-9.421395502623308715e-01 1.155562417570282108e+00 2.762280963361263275e-02
-8.157104497627614137e-01 1.256115292282046880e+00 5.585850775241851807e-02
-7.764330436643902544e-01 1.274299296879775056e+00 1.274041384458541870e-01
-7.169904150208221694e-01 1.086709641147310279e+00 8.899523317813873291e-02
-7.532140712625992052e-01 1.174698308725337981e+00 6.905482709407806396e-02
-8.208743869210604061e-01 9.887696813376845029e-01 -3.002906218171119690e-02
-9.414190077525201872e-01 1.104761810405152644e+00 1.078895255923271179e-01
-8.168037600678470511e-01 9.913440950943677166e-01 1.100956723093986511e-01
-7.572121844641905852e-01 9.481128721314320273e-01 3.376844897866249084e-02
-9.161536689132896427e-01 1.048886880816836786e+00 6.370209902524948120e-02
-9.158689774931829675e-01 1.076240975285671198e+00 1.816999167203903198e-01
-9.407524975015757462e-01 1.118693956704172265e+00 1.769798249006271362e-01
-9.784754014129237731e-01 1.143455609102181469e+00 6.195202097296714783e-02
-9.370334807260469745e-01 1.069164140220170367e+00 2.145658060908317566e-02
-9.698986864751351078e-01 1.170843726613894020e+00 1.365892291069030762e-01
-8.825443394930525542e-01 1.033808171670549392e+00 1.165538877248764038e-01
-5.115117615517323912e-01 1.044203702214561602e+00 2.082270197570323944e-02
-4.678513572377553942e-01 1.067764654139317315e+00 -5.109810829162597656e-02
-3.681114109261560685e-01 9.927806704012756001e-01 -1.022358536720275879e-01
-3.038004367729052468e-01 9.557466303752684134e-01 -1.436611115932464600e-01
-5.233199964817356609e-01 8.052437983273112998e-01 -3.326620534062385559e-02
-4.694250783873705757e-01 9.549638422396284909e-01 -3.710102662444114685e-02
-5.006763759674761616e-01 8.447755027001768724e-01 -8.320074528455734253e-02
-5.077255100172672897e-01 9.254375624559907365e-01 -1.659296303987503052e-01
-5.120729573667626155e-01 9.969348006966720632e-01 -1.547010391950607300e-01
-5.723415061763272860e-01 8.224107626093850598e-01 -1.579145342111587524e-01
-5.590445444836324995e-01 8.235770817915541997e-01 -2.010789960622787476e-01
-4.729759081667950227e-01 9.048513666583595239e-01 -8.439566195011138916e-02
-5.171350150572422422e-01 8.847707960569479724e-01 -1.888909935951232910e-01
-5.339642461112661387e-01 7.941625280330506520e-01 -7.720556110143661499e-02
-5.171601714570166486e-01 8.476219269441380710e-01 -1.338686347007751465e-01
-4.879725732055040233e-01 7.736508162521755771e-01 -1.888031512498855591e-02
-4.335545442414425743e-01 8.943829484094512061e-01 -2.381129935383796692e-02
-4.415969899315825842e-01 8.353279917402076649e-01 -2.801222167909145355e-02
-4.778926066476043566e-01 8.591700578713639125e-01 -2.328530848026275635e-01
-4.629233686700944261e-01 9.391254256252219434e-01 -2.084171921014785767e-01
-5.949797793092734821e-01 1.028247938239196912e+00 1.000735536217689514e-01
-5.503752223845381764e-01 1.096837886919352911e+00 1.991889812052249908e-02
-7.170534877785392780e-01 1.166469115620998309e+00 1.423990279436111450e-01
-7.097349826878129875e-01 1.192867414412372540e+00 9.481772035360336304e-02
-6.824609988399146232e-01 1.121308894655005162e+00 1.339334845542907715e-01
-8.734708080502322503e-01 1.114480093788746018e+00 1.504680067300796509e-01
-7.391833224131758584e-01 9.229572310002858160e-01 -8.595680445432662964e-02
-6.549543643922177694e-01 9.872994939196644282e-01 -1.567993760108947754e-01
