-8.881718665361404419e-01 1.985669627632897782e-01 2.607812092476997634e-01
-7.110746651887893677e-01 2.045450198262721564e-01 3.129274745479708741e-01
-5.531878620386123657e-01 3.644594917100798526e-01 1.948152959709581467e-01
-6.341314762830734253e-01 3.158837507184202309e-01 1.958808773997784414e-01
-8.701934367418289185e-01 1.319467787477544007e-01 3.463056951424476892e-01
-9.088785201311111450e-01 1.729455385486069474e-01 3.778832863755319238e-01
-8.170264512300491333e-01 5.366162517563477508e-02 3.570318751659495859e-01
-7.850126177072525024e-01 3.808332261193481116e-02 3.474744047080342568e-01
-4.393924772739410400e-01 1.619251517374142857e-01 2.727544603963334424e-01
-5.026413053274154663e-01 1.897123735486347940e-01 3.528564771015094692e-01
-6.375097185373306274e-01 1.205020711048980786e-01 3.261949601541971333e-01
-5.926905721426010132e-01 2.293810110655987167e-01 3.179368776712969691e-01
-5.587300211191177368e-01 1.412626070155793556e-01 3.237127678039293244e-01
-3.680661320686340332e-01 2.420781811049803611e-01 3.626563532944970802e-01
-3.647566437721252441e-01 2.143288036834691823e-01 3.072868567881723578e-01
-2.298542931675910950e-01 2.919966578384244893e-01 3.549385667142566092e-01
-2.751917317509651184e-01 3.154052066949370459e-01 4.010208866077782375e-01
-1.629216261208057404e-01 5.423240118931031972e-01 4.650081772250267420e-01
-3.825578093528747559e-01 3.267270434160671755e-01 4.880700588810498175e-01
-4.056644886732101440e-01 4.660141815745060256e-01 4.959588921821662666e-01
-5.728603154420852661e-01 2.557532737694727665e-01 4.701158667291185367e-01
-5.746084302663803101e-01 3.100642999893106211e-01 4.778808011374380271e-01
-7.541807442903518677e-01 1.745068895833838951e-01 4.996194093617027931e-01
-4.303789436817169189e-01 2.635730371259668026e-01 4.189337429735715546e-01
-6.448938101530075073e-01 3.317676085607881298e-01 3.067852478588459775e-01
-7.567361742258071899e-01 3.225709302333057416e-01 4.945438559882511242e-01
-7.897250205278396606e-01 2.717265915670301624e-01 5.090248983031315788e-01
-7.168276458978652954e-01 3.555366382945950310e-01 3.420600738494492532e-01
-5.129247754812240601e-01 4.494513244991176215e-01 3.931885866282911479e-01
-5.456073731184005737e-01 3.995872988780919677e-01 4.486992395301356851e-01
-6.315841525793075562e-01 3.755293783019028053e-01 4.473346684267234252e-01
-3.360848575830459595e-01 5.032439816392608734e-01 2.123697105802886398e-01
-3.981283754110336304e-01 5.272561360567777911e-01 2.965111697995936879e-01
-3.541238903999328613e-01 4.674591991516345857e-01 1.718577063146646822e-01
-4.454077035188674927e-01 4.310143220102808925e-01 1.767065530420293129e-01
-4.623723179101943970e-01 4.847923631133879141e-01 2.669550817576187285e-01
-4.832277745008468628e-01 3.859514406172461776e-01 1.620614028329150358e-01
-5.225845128297805786e-01 4.710008478039728885e-01 3.130194563798927021e-01
-4.572425335645675659e-01 5.586097667988676463e-01 3.662002848023355739e-01
-6.144632548093795776e-01 4.068114357184327012e-01 2.922356878017424719e-01
-6.105958968400955200e-01 4.312664297199964025e-01 3.861612921957622291e-01
-7.877657562494277954e-01 3.321520974154580363e-01 4.062364768746391519e-01
-7.037169486284255981e-01 3.224896802919925420e-01 4.225418767103015227e-01
-7.955307513475418091e-01 3.528063827119871654e-01 3.551551634803367108e-01
-6.990781277418136597e-01 2.754880478147170297e-01 2.008292409685736857e-01
-6.667529791593551636e-01 2.519256208312855572e-01 2.744199913716425243e-01
-8.413487225770950317e-01 2.062865705161480712e-01 3.199416419924325794e-01
-8.347711712121963501e-01 2.222450018252416504e-01 2.669801655313346345e-01
-8.164739161729812622e-01 2.780424187126024904e-01 4.200955194940263482e-01
-8.015586286783218384e-01 2.363977630419524800e-01 4.910561188378856912e-01
-6.268804222345352173e-01 2.243540334412097437e-01 3.933779591638693063e-01
-7.147118002176284790e-01 2.599246269470887327e-01 4.151072221712031052e-01
-6.310834735631942749e-01 2.560765584602273659e-01 2.102743989441435701e-01
-7.983402162790298462e-01 1.350260110112375678e-01 2.764458723634870552e-01
-6.300254911184310913e-01 1.370743575488897470e-01 2.844060058898847387e-01
-5.573187917470932007e-01 2.089599290136556764e-01 2.562610232116018238e-01
-7.409653812646865845e-01 1.624713194801290506e-01 2.356076894529115506e-01
-7.601063400506973267e-01 7.005400022927954495e-02 3.115318289208524050e-01
-8.077204376459121704e-01 8.035346233877316280e-02 3.199308368795694690e-01
-8.519036918878555298e-01 1.753879663964139635e-01 2.544798217634696158e-01
-7.700678259134292603e-01 1.988439765169160989e-01 2.141159437585429259e-01
-8.652053624391555786e-01 1.234657379172681146e-01 3.138222978585627487e-01
-7.065377384424209595e-01 1.232518923920897791e-01 2.733812248653739729e-01
-4.515288323163986206e-01 3.410127330277877844e-01 4.590916916319969232e-01
-4.373163729906082153e-01 4.270643194873713355e-01 4.642957921146901867e-01
-3.137678951025009155e-01 4.801034599392686175e-01 4.538867885110100531e-01
-2.421061471104621887e-01 5.256226377241919323e-01 4.498778021262843652e-01
-2.909083440899848938e-01 2.991951727369766001e-01 2.784837421394765755e-01
-3.586669415235519409e-01 3.745049867531469179e-01 4.012545216217215938e-01
-3.028500229120254517e-01 3.644220493798404625e-01 2.915909272770633720e-01
-3.648712038993835449e-01 4.620934641498619655e-01 2.953050112956638884e-01
-4.185014963150024414e-01 4.761102557468079866e-01 3.420399878677145011e-01
-3.377106636762619019e-01 3.958815074115014099e-01 1.966527321582312027e-01
-3.291330039501190186e-01 4.383765693242489547e-01 1.839274157627777129e-01
-3.257428854703903198e-01 3.964904977873464631e-01 3.447452749750770096e-01
-3.427689820528030396e-01 4.642739517680034567e-01 2.531590014113760390e-01
-2.905993238091468811e-01 3.295666390058706874e-01 2.432099547176758136e-01
-3.165185526013374329e-01 4.034801890576922290e-01 2.579058323297758193e-01
-2.435743287205696106e-01 2.880640220169392585e-01 2.879758035483686029e-01
-2.904654815793037415e-01 3.542593139353449327e-01 3.927674421228797286e-01
-2.543941885232925415e-01 3.341749048128873634e-01 3.495783812828427983e-01
-2.969179525971412659e-01 5.071692977174730999e-01 2.395317386227198142e-01
-3.428700864315032959e-01 5.195681110353751464e-01 3.098788969439976171e-01
-4.992672055959701538e-01 2.372278677237198430e-01 4.378327341199383937e-01
-5.162274390459060669e-01 3.466641363115524621e-01 4.670726014161559192e-01
-6.833234876394271851e-01 2.062819248729015342e-01 4.688837361409046167e-01
-6.968149393796920776e-01 2.594092357880426469e-01 4.657403236458410589e-01
-6.269298046827316284e-01 2.098770428202065830e-01 4.581795766502612111e-01
-7.571654468774795532e-01 1.256112142536247589e-01 3.452959263119268485e-01
-5.267827361822128296e-01 3.101253411492774781e-01 1.920341534347809187e-01
-5.127207189798355103e-01 4.240046664925465336e-01 2.475937880221543708e-01
