-7.432735264301300049e-01 7.183043360710144043e-01 -8.173163980245590210e-02
-7.141079902648925781e-01 8.015004396438598633e-01 -9.119663387537002563e-02
-6.380254626274108887e-01 7.837966978549957275e-01 -1.529802978038787842e-01
-6.397906839847564697e-01 6.883817911148071289e-01 -1.545222401618957520e-01
-6.656157374382019043e-01 5.910195410251617432e-01 -1.233238503336906433e-01
-7.848142981529235840e-01 5.835304260253906250e-01 -5.186950042843818665e-02
-7.728441953659057617e-01 6.065039038658142090e-01 3.273759735748171806e-03
-8.736945390701293945e-01 5.660585165023803711e-01 -7.584765087813138962e-03
-9.611949324607849121e-01 5.425591766834259033e-01 1.406120602041482925e-02
-9.813889265060424805e-01 5.764798223972320557e-01 4.207631573081016541e-02
-5.744496881961822510e-01 5.899956226348876953e-01 -1.707150936126708984e-01
-7.059772014617919922e-01 6.348764002323150635e-01 6.207715719938278198e-02
-9.651114940643310547e-01 6.196641921997070312e-01 1.486374735832214355e-01
-9.498450756072998047e-01 6.500295102596282959e-01 1.530980169773101807e-01
-8.886361718177795410e-01 5.863034725189208984e-01 2.134848982095718384e-01
-9.047069549560546875e-01 5.615603327751159668e-01 2.310214787721633911e-01
-7.270179986953735352e-01 5.840053856372833252e-01 1.480596959590911865e-01
-6.038692593574523926e-01 6.116524636745452881e-01 1.069737747311592102e-01
-5.953954756259918213e-01 7.949298918247222900e-01 7.719153910875320435e-02
-6.655210852622985840e-01 8.241578340530395508e-01 3.465838357806205750e-02
-7.637263834476470947e-01 7.826910018920898438e-01 -5.013430025428533554e-03
-9.033380746841430664e-01 8.039098381996154785e-01 1.525567024946212769e-01
-8.512363433837890625e-01 7.612074315547943115e-01 1.829142570495605469e-01
-6.975444853305816650e-01 7.667830884456634521e-01 9.723297506570816040e-02
-6.200068593025207520e-01 7.132091820240020752e-01 1.136453971266746521e-01
-7.249169051647186279e-01 7.201253771781921387e-01 1.594513207674026489e-01
-7.427092492580413818e-01 6.915513873100280762e-01 -3.506480902433395386e-02
-9.292736649513244629e-01 7.601178884506225586e-01 4.717807471752166748e-02
-7.871808409690856934e-01 7.166942358016967773e-01 2.159846760332584381e-02
-8.347846269607543945e-01 7.513172030448913574e-01 8.234025537967681885e-02
-7.096794843673706055e-01 5.633777081966400146e-01 -7.348523940891027451e-03
-8.589982390403747559e-01 5.394433140754699707e-01 7.458401471376419067e-02
-9.093264341354370117e-01 5.459657609462738037e-01 4.681667312979698181e-02
-7.980655431747436523e-01 5.387587696313858032e-01 -2.773334737867116928e-03
-5.663145780563354492e-01 5.710726678371429443e-01 6.707587093114852905e-02
-7.213612794876098633e-01 5.655104219913482666e-01 9.453295171260833740e-02
-6.960005462169647217e-01 5.671491324901580811e-01 5.219228193163871765e-02
-8.727344870567321777e-01 5.564573109149932861e-01 1.396424621343612671e-01
-9.546884298324584961e-01 5.698465406894683838e-01 1.017808541655540466e-01
-9.501537084579467773e-01 5.823846459388732910e-01 1.446902453899383545e-01
-8.866929411888122559e-01 5.628550052642822266e-01 1.820680946111679077e-01
-8.501198887825012207e-01 7.287765145301818848e-01 -4.291413351893424988e-02
-8.638656139373779297e-01 8.152951002120971680e-01 2.904285304248332977e-02
-6.217665672302246094e-01 8.329969048500061035e-01 -6.398297846317291260e-02
-5.521931052207946777e-01 8.186317086219787598e-01 1.233506668359041214e-02
-5.773355960845947266e-01 8.112770915031433105e-01 -1.189037933945655823e-01
