9.981565939901697604e-01 -3.376695757729892833e-01 -1.251621521078050137e-03
1.044614231908381541e+00 -2.394609192719929780e-01 -3.609649604186415672e-03
1.101534498152286545e+00 -2.816005810240262974e-01 1.307658036239445210e-03
1.032373101436375507e+00 -3.318490855565361386e-01 6.684548221528530121e-03
1.055629953317617442e+00 -4.159351130799278096e-01 -5.505816079676151276e-03
1.097290837415473064e+00 -3.871163735035576536e-01 3.024783509317785501e-04
1.133245786429167623e+00 -3.462621063154109891e-01 2.094122953712940216e-02
1.037581735326755350e+00 -3.732775403255441660e-01 -2.570097567513585091e-03
1.005262099448879454e+00 -2.949930580105242228e-01 3.229851368814706802e-03
9.906090840019787791e-01 -3.886409830387860254e-01 -5.079706758260726929e-02
1.039741740202547504e+00 -3.863890242778289519e-01 -4.847026616334915161e-02
1.081477139927295106e+00 -3.381979918771511606e-01 -4.731307923793792725e-02
1.124624416906145896e+00 -3.360682800482077681e-01 -2.201957441866397858e-02
1.038669566541628342e+00 -2.651985872976894143e-01 -5.265190824866294861e-02
1.005816161909921291e+00 -3.127340992379838980e-01 -8.187199383974075317e-02
9.398997247623137596e-01 -3.503334180549009247e-01 -8.875469863414764404e-02
9.750043084382937764e-01 -2.899219282110578888e-01 -8.265707641839981079e-02
1.044710337258053734e+00 -3.382080228269250810e-01 -6.612729281187057495e-02
9.838775369869940945e-01 -2.590143276379643922e-01 -3.826640173792839050e-02
9.911843041806109866e-01 -3.906436326583557772e-01 -1.734229549765586853e-02
9.843814552358782777e-01 -3.482775475032848789e-01 -8.671884238719940186e-02
