6.617290377616882324e-01 -3.012516334420069497e-01 -3.841921389102935791e-01
6.251355409622192383e-01 -3.036096615251153152e-01 -4.864866584539413452e-01
6.951814889907836914e-01 -2.986923538846894544e-01 -4.969381242990493774e-01
6.818080544471740723e-01 -2.933154636994003694e-01 -4.125025719404220581e-01
7.577109336853027344e-01 -3.055058280006050508e-01 -3.694898486137390137e-01
7.667917013168334961e-01 -2.996975335699971210e-01 -4.193264693021774292e-01
7.633273601531982422e-01 -2.790587823837994974e-01 -4.736387878656387329e-01
7.147854566574096680e-01 -3.025701094884424847e-01 -3.868912905454635620e-01
6.365765333175659180e-01 -2.967701605521141928e-01 -4.193933457136154175e-01
6.924343705177307129e-01 -3.507970795035361689e-01 -3.428130149841308594e-01
7.255840301513671875e-01 -3.484702780842780512e-01 -3.791474252939224243e-01
7.210192084312438965e-01 -3.473130911588668268e-01 -4.427350163459777832e-01
7.500230073928833008e-01 -3.220195863395928781e-01 -4.747506827116012573e-01
6.391313076019287109e-01 -3.526519201695918482e-01 -4.640838652849197388e-01
6.495131254196166992e-01 -3.818720057606696527e-01 -4.072403162717819214e-01
6.294898986816406250e-01 -3.887547105550765436e-01 -3.340436220169067383e-01
6.115952134132385254e-01 -3.826570883393287104e-01 -4.015836864709854126e-01
6.950282454490661621e-01 -3.661273047327994745e-01 -4.167298674583435059e-01
5.960145592689514160e-01 -3.382664136588572901e-01 -4.297129809856414795e-01
6.942571997642517090e-01 -3.173423074185847681e-01 -3.418036699295043945e-01
6.594895124435424805e-01 -3.867188543081283014e-01 -3.669506758451461792e-01
