2.072290182113647461e-01 3.758530914783477783e-01 -8.489853143692016602e-02
1.772534102201461792e-01 3.062797188758850098e-01 1.021840889006853104e-02
3.023132085800170898e-01 2.793734073638916016e-01 3.450320661067962646e-02
2.979062795639038086e-01 3.780796825885772705e-01 -7.947164028882980347e-02
2.366761565208435059e-01 2.495038211345672607e-01 3.841340169310569763e-02
2.581632435321807861e-01 3.451742827892303467e-01 -1.296365819871425629e-02
1.795229315757751465e-01 2.134339660406112671e-01 4.316237568855285645e-02
2.600313425064086914e-01 1.570146083831787109e-01 1.789334928616881371e-03
3.043477237224578857e-01 2.273685932159423828e-01 3.986667469143867493e-02
1.856235861778259277e-01 3.474286794662475586e-01 -4.547479748725891113e-02
3.295769095420837402e-01 3.499708473682403564e-01 -2.912251837551593781e-02
2.783389091491699219e-01 3.645340800285339355e-01 -1.232010349631309509e-01
3.555436730384826660e-01 3.548469841480255127e-01 -1.274938732385635376e-01
2.964718639850616455e-01 2.983371913433074951e-01 -1.937427967786788940e-01
2.163067758083343506e-01 3.557023108005523682e-01 -1.259189397096633911e-01
2.257839888334274292e-01 3.125817775726318359e-01 -1.834347993135452271e-01
3.065285384654998779e-01 3.443482220172882080e-01 -1.532520949840545654e-01
3.465771377086639404e-01 2.981727719306945801e-01 -1.884293258190155029e-01
2.803801298141479492e-01 1.889925152063369751e-01 -1.890249252319335938e-01
2.409248501062393188e-01 2.332406938076019287e-01 -2.025514245033264160e-01
3.330773115158081055e-01 2.342590838670730591e-01 -1.988393962383270264e-01
2.794154584407806396e-01 1.396888345479965210e-01 -1.441486924886703491e-01
2.258178144693374634e-01 1.573739349842071533e-01 -1.825728118419647217e-01
3.282151818275451660e-01 1.691487729549407959e-01 -1.806907653808593750e-01
2.699419260025024414e-01 1.243251711130142212e-01 -1.204026192426681519e-01
2.313483506441116333e-01 1.057551950216293335e-01 -1.182578280568122864e-01
2.577224969863891602e-01 1.188260093331336975e-01 -6.358912587165832520e-02
3.377620577812194824e-01 1.208381280303001404e-01 -1.617943048477172852e-01
3.003555834293365479e-01 1.130869090557098389e-01 -1.145711392164230347e-01
2.491016983985900879e-01 1.353566646575927734e-01 -1.499065905809402466e-01
2.857081890106201172e-01 2.453077733516693115e-01 -2.015699744224548340e-01
2.137676775455474854e-01 2.377334088087081909e-01 -2.026657760143280029e-01
2.430872470140457153e-01 3.598013222217559814e-01 -6.136551499366760254e-02
3.390076458454132080e-01 3.092008233070373535e-01 2.181828208267688751e-02
2.524803578853607178e-01 3.089423477649688721e-01 2.392903156578540802e-02
2.047821134328842163e-01 1.590157002210617065e-01 3.148470446467399597e-02
2.295202612876892090e-01 1.267136335372924805e-01 -1.727844402194023132e-02
2.979657053947448730e-01 1.656154990196228027e-01 1.341204158961772919e-02
2.391910701990127563e-01 1.963483840227127075e-01 3.631122782826423645e-02
1.959249079227447510e-01 2.679470479488372803e-01 3.297939151525497437e-02
3.007823228836059570e-01 1.024207323789596558e-01 -6.755383312702178955e-02
3.112082481384277344e-01 1.153369322419166565e-01 -2.085044048726558685e-02
3.557053506374359131e-01 3.936978578567504883e-01 -9.077025949954986572e-02
2.413475364446640015e-01 3.955745697021484375e-01 -1.030995324254035950e-01
