3.203496634960174561e-01 -3.817120194435119629e-01 -3.124029934406280518e-01
3.648313581943511963e-01 -3.584048748016357422e-01 -3.067188262939453125e-01
3.165393769741058350e-01 -2.848756611347198486e-01 -2.700178027153015137e-01
2.630355358123779297e-01 -3.164945840835571289e-01 -2.889210283756256104e-01
3.885567188262939453e-01 -3.141043186187744141e-01 -2.498987019062042236e-01
2.493841052055358887e-01 -2.570890784263610840e-01 -2.398176342248916626e-01
3.086017370223999023e-01 -2.410860359668731689e-01 -2.249614894390106201e-01
3.383184671401977539e-01 -3.533794581890106201e-01 -2.335875332355499268e-01
2.843281030654907227e-01 -3.042217493057250977e-01 -2.145435512065887451e-01
3.509545028209686279e-01 -3.314666152000427246e-01 -1.941519975662231445e-01
3.004292547702789307e-01 -3.450527191162109375e-01 -2.646344900131225586e-01
1.334763914346694946e-01 -3.811287283897399902e-01 8.972030133008956909e-02
1.103024333715438843e-01 -3.904032409191131592e-01 1.589090079069137573e-01
1.067522093653678894e-01 -3.956993520259857178e-01 2.343933880329132080e-01
3.254460990428924561e-01 -3.978502154350280762e-01 2.471240609884262085e-01
2.558879256248474121e-01 -3.778744935989379883e-01 1.399726420640945435e-01
2.032564580440521240e-01 -3.791099786758422852e-01 1.945637613534927368e-01
2.427530288696289062e-01 -3.905827105045318604e-01 2.045320868492126465e-01
1.305377781391143799e-01 -3.469275534152984619e-01 1.797001808881759644e-01
1.720732152462005615e-01 -3.161132037639617920e-01 1.173365116119384766e-01
1.560000032186508179e-01 -3.498820960521697998e-01 2.587942779064178467e-01
2.546039223670959473e-01 -3.339652717113494873e-01 1.820808649063110352e-01
1.890617758035659790e-01 -3.262422382831573486e-01 1.543424427509307861e-01
3.049459755420684814e-01 -3.691489100456237793e-01 2.389414310455322266e-01
2.752227485179901123e-01 -3.471318185329437256e-01 2.239563018083572388e-01
2.283057123422622681e-01 -3.665262460708618164e-01 2.331927567720413208e-01
4.096623361110687256e-01 -2.676460444927215576e-01 -2.052888125181198120e-01
4.425995051860809326e-01 -3.112648427486419678e-01 -1.973351091146469116e-01
3.426204919815063477e-01 -3.247731924057006836e-01 -2.855375409126281738e-01
