-4.204173684120178223e-01 -2.317995280027389526e-01 1.971406489610671997e-01
-3.027422726154327393e-01 -2.243059128522872925e-01 2.578813731670379639e-01
-3.879699409008026123e-01 -2.670848369598388672e-01 2.803649902343750000e-01
-4.202634096145629883e-01 -3.615039885044097900e-01 2.309874147176742554e-01
-4.199216365814208984e-01 -3.215823173522949219e-01 1.996857821941375732e-01
-4.114141166210174561e-01 -3.847036957740783691e-01 2.979117035865783691e-01
-4.030328691005706787e-01 -2.799717485904693604e-01 3.434514403343200684e-01
-4.251436889171600342e-01 -3.181056380271911621e-01 2.506159245967864990e-01
-3.457477092742919922e-01 -3.703846037387847900e-01 3.359138965606689453e-01
-3.181314766407012939e-01 -2.649375796318054199e-01 3.271333873271942139e-01
-2.376276850700378418e-01 -3.608117699623107910e-01 3.190481662750244141e-01
-2.493395954370498657e-01 -2.748544216156005859e-01 2.920802235603332520e-01
-3.026720285415649414e-01 -3.841482400894165039e-01 3.152180016040802002e-01
-2.846368849277496338e-01 -3.061578869819641113e-01 3.112616539001464844e-01
-2.953069508075714111e-01 -3.990880250930786133e-01 2.204784452915191650e-01
-3.632888793945312500e-01 -4.106640815734863281e-01 2.705645561218261719e-01
-3.576640486717224121e-01 -4.054893851280212402e-01 2.118241339921951294e-01
-3.179938495159149170e-01 -3.885939121246337891e-01 1.928320527076721191e-01
-3.126699328422546387e-01 -4.104849398136138916e-01 2.770699262619018555e-01
-2.410994023084640503e-01 -3.834316730499267578e-01 2.801484167575836182e-01
-4.089583754539489746e-01 -3.288080990314483643e-01 3.261259198188781738e-01
-5.476490855216979980e-01 -3.698417246341705322e-01 -2.213925719261169434e-01
-5.623804330825805664e-01 -3.528874516487121582e-01 -1.645523905754089355e-01
-5.541433691978454590e-01 -3.143716454505920410e-01 -1.697224080562591553e-01
-5.705231428146362305e-01 -3.597882091999053955e-01 -9.654961526393890381e-02
-5.279207229614257812e-01 -3.147626519203186035e-01 -8.011684566736221313e-02
-4.656616747379302979e-01 -2.956854104995727539e-01 -1.240513548254966736e-01
-4.166896939277648926e-01 -2.816436588764190674e-01 -1.686479747295379639e-01
-4.760967791080474854e-01 -3.027830123901367188e-01 -1.929660141468048096e-01
-5.446113348007202148e-01 -3.189082741737365723e-01 -2.092654407024383545e-01
-5.572322607040405273e-01 -3.255711793899536133e-01 -1.277455985546112061e-01
-5.140900015830993652e-01 -3.738217055797576904e-01 -1.344396770000457764e-01
-5.012991428375244141e-01 -3.705633282661437988e-01 -2.037068605422973633e-01
-4.614465832710266113e-01 -3.579974174499511719e-01 -1.760193407535552979e-01
-4.659032225608825684e-01 -3.666191995143890381e-01 -9.636308997869491577e-02
-5.324062108993530273e-01 -3.728654384613037109e-01 -1.024693399667739868e-01
-5.200262069702148438e-01 -3.732630610466003418e-01 -1.813648343086242676e-01
-4.371927976608276367e-01 -3.257735073566436768e-01 -2.013273686170578003e-01
-5.070230364799499512e-01 -3.226311504840850830e-01 -2.256554663181304932e-01
-4.913280904293060303e-01 -3.448770642280578613e-01 -2.281206697225570679e-01
-5.065015554428100586e-01 -2.962907254695892334e-01 -1.591623574495315552e-01
-4.360871911048889160e-01 -3.529263138771057129e-01 -1.426998972892761230e-01
-4.790250062942504883e-01 -3.670091331005096436e-01 -1.357954442501068115e-01
-3.967969715595245361e-01 -3.977571725845336914e-01 2.242245376110076904e-01
