-4.432735145092010498e-01 4.183043241500854492e-01 -8.173163980245590210e-02
-4.141079783439636230e-01 5.015004277229309082e-01 -9.119663387537002563e-02
-3.380254507064819336e-01 4.837966859340667725e-01 -1.529802978038787842e-01
-3.397906720638275146e-01 3.883817791938781738e-01 -1.545222401618957520e-01
-3.656157255172729492e-01 2.910195291042327881e-01 -1.233238503336906433e-01
-4.848142862319946289e-01 2.835304141044616699e-01 -5.186950042843818665e-02
-4.728441834449768066e-01 3.065038919448852539e-01 3.273759735748171806e-03
-5.736945271492004395e-01 2.660585045814514160e-01 -7.584765087813138962e-03
-6.611949205398559570e-01 2.425591647624969482e-01 1.406120602041482925e-02
-6.813889145851135254e-01 2.764798104763031006e-01 4.207631573081016541e-02
-2.744496762752532959e-01 2.899956107139587402e-01 -1.707150936126708984e-01
-4.059771895408630371e-01 3.348763883113861084e-01 6.207715719938278198e-02
-6.651114821434020996e-01 3.196641802787780762e-01 1.486374735832214355e-01
-6.498450636863708496e-01 3.500294983386993408e-01 1.530980169773101807e-01
-5.886361598968505859e-01 2.863034605979919434e-01 2.134848982095718384e-01
-6.047069430351257324e-01 2.615603208541870117e-01 2.310214787721633911e-01
-4.270179867744445801e-01 2.840053737163543701e-01 1.480596959590911865e-01
-3.038692474365234375e-01 3.116524517536163330e-01 1.069737747311592102e-01
-2.953954637050628662e-01 4.949298799037933350e-01 7.719153910875320435e-02
-3.655210733413696289e-01 5.241578221321105957e-01 3.465838357806205750e-02
-4.637263715267181396e-01 4.826909899711608887e-01 -5.013430025428533554e-03
-6.033380627632141113e-01 5.039098262786865234e-01 1.525567024946212769e-01
-5.512363314628601074e-01 4.612074196338653564e-01 1.829142570495605469e-01
-3.975444734096527100e-01 4.667830765247344971e-01 9.723297506570816040e-02
-3.200068473815917969e-01 4.132091701030731201e-01 1.136453971266746521e-01
-4.249168932437896729e-01 4.201253652572631836e-01 1.594513207674026489e-01
-4.427092373371124268e-01 3.915513753890991211e-01 -3.506480902433395386e-02
-6.292736530303955078e-01 4.601178765296936035e-01 4.717807471752166748e-02
-4.871808290481567383e-01 4.166942238807678223e-01 2.159846760332584381e-02
-5.347846150398254395e-01 4.513171911239624023e-01 8.234025537967681885e-02
-4.096794724464416504e-01 2.633776962757110596e-01 -7.348523940891027451e-03
-5.589982271194458008e-01 2.394433021545410156e-01 7.458401471376419067e-02
-6.093264222145080566e-01 2.459657490253448486e-01 4.681667312979698181e-02
-4.980655312538146973e-01 2.387587577104568481e-01 -2.773334737867116928e-03
-2.663145661354064941e-01 2.710726559162139893e-01 6.707587093114852905e-02
-4.213612675666809082e-01 2.655104100704193115e-01 9.453295171260833740e-02
-3.960005342960357666e-01 2.671491205692291260e-01 5.219228193163871765e-02
-5.727344751358032227e-01 2.564572989940643311e-01 1.396424621343612671e-01
-6.546884179115295410e-01 2.698465287685394287e-01 1.017808541655540466e-01
-6.501536965370178223e-01 2.823846340179443359e-01 1.446902453899383545e-01
-5.866929292678833008e-01 2.628549933433532715e-01 1.820680946111679077e-01
-5.501198768615722656e-01 4.287765026092529297e-01 -4.291413351893424988e-02
-5.638656020164489746e-01 5.152950882911682129e-01 2.904285304248332977e-02
-3.217665553092956543e-01 5.329968929290771484e-01 -6.398297846317291260e-02
-2.521930932998657227e-01 5.186316967010498047e-01 1.233506668359041214e-02
-2.773355841636657715e-01 5.112770795822143555e-01 -1.189037933945655823e-01
