1.231960430741310120e-01 -3.923896253108978271e-01 2.390275448560714722e-01
2.234573066234588623e-01 -3.782809078693389893e-01 1.825049370527267456e-01
1.687267273664474487e-01 -3.729943335056304932e-01 1.458381265401840210e-01
1.644122898578643799e-01 -3.783684968948364258e-01 1.844367831945419312e-01
3.037443757057189941e-01 -3.965568840503692627e-01 2.027716785669326782e-01
3.377630710601806641e-01 -3.994685709476470947e-01 2.417492270469665527e-01
2.095562368631362915e-01 -3.614171743392944336e-01 1.100305169820785522e-01
2.828876674175262451e-01 -4.121081829071044922e-01 -1.868859492242336273e-02
2.417139708995819092e-01 -4.064194560050964355e-01 -3.697019070386886597e-02
2.760977745056152344e-01 -2.972526550292968750e-01 -2.104807496070861816e-01
2.296003401279449463e-01 -2.797007262706756592e-01 -2.143643200397491455e-01
3.056907653808593750e-01 -3.474001288414001465e-01 -2.679243981838226318e-01
3.583976030349731445e-01 -3.594296276569366455e-01 -2.291673123836517334e-01
3.548673391342163086e-01 -3.901638686656951904e-01 -2.903324365615844727e-01
4.195365607738494873e-01 -3.499136269092559814e-01 -1.470203101634979248e-01
5.284565091133117676e-01 -4.082361459732055664e-01 -7.938784547150135040e-03
3.997670412063598633e-01 -3.980235457420349121e-01 1.149171218276023865e-01
4.584419429302215576e-01 -4.057813286781311035e-01 1.977643668651580811e-01
5.303305387496948242e-01 -4.090309143066406250e-01 1.836340874433517456e-01
4.738290607929229736e-01 -4.062890112400054932e-01 5.788359045982360840e-02
3.553496301174163818e-01 -4.152386784553527832e-01 -7.682111859321594238e-02
4.203433096408843994e-01 -4.113935530185699463e-01 -7.533908821642398834e-03
4.771372079849243164e-01 -3.992247581481933594e-01 -7.497049123048782349e-02
3.120129406452178955e-01 -3.858081698417663574e-01 1.373070925474166870e-01
1.788138151168823242e-01 -3.206081390380859375e-01 -6.362192332744598389e-02
2.315986454486846924e-01 -3.680667877197265625e-01 4.423770308494567871e-02
6.219222545623779297e-01 -3.754640519618988037e-01 5.166794359683990479e-02
3.836728334426879883e-01 -2.634741365909576416e-01 2.257598489522933960e-01
5.656607151031494141e-01 -3.944094181060791016e-01 1.824740320444107056e-01
6.231482625007629395e-01 -3.578273057937622070e-01 1.523253768682479858e-01
