6.617290377616882324e-01 1.841921359300613403e-01 -1.251621521078050137e-03
6.251355409622192383e-01 2.864866554737091064e-01 -3.609649604186415672e-03
6.951814889907836914e-01 2.969381213188171387e-01 1.307658036239445210e-03
6.818080544471740723e-01 2.125025689601898193e-01 6.684548221528530121e-03
7.577109336853027344e-01 1.694898456335067749e-01 -5.505816079676151276e-03
7.667917013168334961e-01 2.193264663219451904e-01 3.024783509317785501e-04
7.633273601531982422e-01 2.736387848854064941e-01 2.094122953712940216e-02
7.147854566574096680e-01 1.868912875652313232e-01 -2.570097567513585091e-03
6.365765333175659180e-01 2.193933427333831787e-01 3.229851368814706802e-03
6.924343705177307129e-01 1.428130120038986206e-01 -5.079706758260726929e-02
7.255840301513671875e-01 1.791474223136901855e-01 -4.847026616334915161e-02
7.210192084312438965e-01 2.427350133657455444e-01 -4.731307923793792725e-02
7.500230073928833008e-01 2.747506797313690186e-01 -2.201957441866397858e-02
6.391313076019287109e-01 2.640838623046875000e-01 -5.265190824866294861e-02
6.495131254196166992e-01 2.072403132915496826e-01 -8.187199383974075317e-02
6.294898986816406250e-01 1.340436190366744995e-01 -8.875469863414764404e-02
6.115952134132385254e-01 2.015836834907531738e-01 -8.265707641839981079e-02
6.950282454490661621e-01 2.167298644781112671e-01 -6.612729281187057495e-02
5.960145592689514160e-01 2.297129780054092407e-01 -3.826640173792839050e-02
6.942571997642517090e-01 1.418036669492721558e-01 -1.734229549765586853e-02
6.594895124435424805e-01 1.669506728649139404e-01 -8.671884238719940186e-02
