-6.712924838066101074e-01 -1.767710000276565552e-01 -1.612929627299308777e-03
-7.349520921707153320e-01 -1.221665665507316589e-01 -1.922007650136947632e-02
-7.692296504974365234e-01 -2.925296872854232788e-02 -9.010008536279201508e-03
-7.273417711257934570e-01 4.790683090686798096e-02 4.152959585189819336e-02
-6.397240757942199707e-01 8.114708214998245239e-02 1.076622754335403442e-01
-5.975373983383178711e-01 -1.901564002037048340e-01 4.096489027142524719e-02
-5.072299838066101074e-01 -1.731204092502593994e-01 1.040059700608253479e-01
-4.716540873050689697e-01 -8.529484272003173828e-02 1.542741209268569946e-01
-5.027535557746887207e-01 4.930673167109489441e-03 1.634110212326049805e-01
-5.727742910385131836e-01 4.559430480003356934e-02 1.371046751737594604e-01
-6.255266070365905762e-01 -1.191843673586845398e-01 4.858301952481269836e-02
-6.353179216384887695e-01 2.933740383014082909e-03 8.275597542524337769e-02
-5.482628941535949707e-01 -6.179282441735267639e-02 1.148221716284751892e-01
-6.924329996109008789e-01 -5.917716026306152344e-02 2.752635069191455841e-02
