-4.076110110794764485e-01 3.003843412264474155e-01 -4.960614088940713540e-01
-4.130004408716899111e-01 2.841944614978924588e-01 -4.916989217184931649e-01
-4.531182813420628896e-01 2.857294366319051426e-01 -4.639469965101091775e-01
-4.680022744034841309e-01 3.101450756280361154e-01 -4.234233068672976774e-01
-3.942869621468392261e-01 3.493082434765411026e-01 -4.663604187869023754e-01
-4.282945682135632648e-01 3.548074379586405591e-01 -4.586843070279891244e-01
-4.657772320674410382e-01 2.158077634620376717e-01 -4.525931907985546454e-01
-4.253484740483146620e-01 3.065159187642407801e-01 -4.562117172982394497e-01
-3.950354551485161236e-01 3.669933786840598455e-01 -4.575949831273872781e-01
-4.509254597220448968e-01 2.174558819287930322e-01 -4.726691690598720519e-01
-4.794240650017923544e-01 2.405174267926378784e-01 -4.495015677726915126e-01
-4.544617451102385686e-01 3.129723404518316432e-01 -4.563766939567616143e-01
-4.559862546919872806e-01 2.460123361667236608e-01 -4.581487509322170748e-01
-4.812943498378663421e-01 2.617735402820755009e-01 -4.131990391469338997e-01
-4.468068940795465460e-01 2.729132554047985493e-01 -4.275441798756494660e-01
-4.440473669247345656e-01 2.562881899950968378e-01 -4.162708847511960020e-01
-4.611507987194120028e-01 3.573237028277592153e-01 -3.965939983766033627e-01
-4.469835723791826254e-01 3.184813412388082798e-01 -4.121139179484221704e-01
-4.279573631752650598e-01 3.689598312326690110e-01 -4.387972031429619446e-01
-4.205787367996012271e-01 3.570379190856238782e-01 -4.007702481654381588e-01
-4.471926362066906413e-01 2.307507591645687473e-01 -4.023161008813314066e-01
-3.908868937499228036e-01 4.250570042974688434e-01 -4.001386067630541277e-01
-4.195788233258206934e-01 3.611111614702865458e-01 -3.920298639066176483e-01
-4.833563108516240603e-01 2.730528510389326757e-01 -4.048146484769325482e-01
-4.911734191453682730e-01 2.943109422705305067e-01 -3.939700289656820620e-01
-4.337433302705799298e-01 3.139571736416413850e-01 -4.068461192990552866e-01
-4.707430130077751018e-01 3.220545444806572899e-01 -3.959050024515762267e-01
-4.063483875220951780e-01 3.758271288540220301e-01 -3.652129987103472919e-01
-3.799477546446038967e-01 4.256559305482878752e-01 -3.889281873581073579e-01
-4.970294312755201283e-01 2.514577195808834764e-01 -3.946433677652749772e-01
-4.160659412198549068e-01 3.249218585831950001e-01 -3.885499441699870049e-01
-4.177064783416633009e-01 4.254931788496956746e-01 -3.785571546882789962e-01
-4.303975673771431310e-01 2.345881557966386921e-01 -3.481865340480673754e-01
-4.726115673194589140e-01 3.571232916222018550e-01 -3.804628740713882351e-01
-3.954512754376784955e-01 4.273384946909983828e-01 -3.746408955875748514e-01
-4.276063963477694796e-01 3.700338276315301989e-01 -3.746371873210246339e-01
-4.884709992954294200e-01 2.178773882266657191e-01 -3.824990420311412120e-01
-4.258274996806770685e-01 2.832087218429260589e-01 -3.871520100864850877e-01
-4.240869217679367198e-01 2.976981553434061012e-01 -3.631693318115706282e-01
-4.579000498555836351e-01 3.653854743078932543e-01 -3.632050959822992198e-01
-4.646042661546512242e-01 2.186283534060428357e-01 -3.998320567282376836e-01
-4.394103032125949437e-01 2.653605877190452489e-01 -3.850280798183773889e-01
-4.847699020605601428e-01 3.146760005109167091e-01 -3.672277411300324812e-01
-4.475009167658971498e-01 3.827484023551612768e-01 -3.626706935694538059e-01
-4.593646503310657714e-01 3.843880330118129018e-01 -3.519310592045356567e-01
-4.126889464814731401e-01 3.490735514068751266e-01 -3.701136789712444752e-01
-4.035139533829691927e-01 2.949792543087996766e-01 -3.193980247300176600e-01
-4.659567121684706770e-01 2.188716980976592730e-01 -3.300395960461637856e-01
-4.601817874668831521e-01 3.831278816321317948e-01 -3.210828138326582981e-01
-4.995640726655432573e-01 2.396676569111787780e-01 -3.524492276504835320e-01
-4.338851508646441868e-01 2.232219067906601462e-01 -3.038636841216146856e-01
-4.893660100288008685e-01 2.353624418523203310e-01 -3.166851393278149462e-01
-4.131435799605276404e-01 2.320816148264737144e-01 -3.027290369631769340e-01
-4.056479371737240491e-01 2.647728686738002879e-01 -3.127777800668312125e-01
-3.944713866032690808e-01 3.751133287460702848e-01 -3.368586037964409474e-01
-4.385743775262566091e-01 3.942228503384823668e-01 -3.304906860705147942e-01
-4.912986761488416509e-01 3.087585959678781355e-01 -3.339415165162071819e-01
-3.923865991487468508e-01 3.477071787920116286e-01 -3.134222767932559051e-01
-4.146959427443644985e-01 2.269549775237844347e-01 -3.080147176979081691e-01
-4.834228124317576647e-01 3.477926337345128016e-01 -3.291074202413670213e-01
-4.136212870981166856e-01 3.794900721463859150e-01 -3.220775357332685829e-01
-4.233488943185237385e-01 2.037619952122158296e-01 -3.011044865904961565e-01
-3.943679671694801936e-01 1.976470636709366513e-01 -2.972020716849127497e-01
-4.738571328507092950e-01 2.377467748381753843e-01 -2.865428655011722503e-01
-4.207485754076003559e-01 3.649432017173395160e-01 -2.877989789906098550e-01
-4.904826926959511280e-01 2.934718027531819096e-01 -3.004234016341094660e-01
-4.526701579309521661e-01 2.250327769560076241e-01 -2.953087131903041063e-01
-4.596529886568246903e-01 2.096723952517706990e-01 -2.847125475379170267e-01
-3.731594843037318032e-01 2.472473537397867904e-01 -2.752918199760199247e-01
-4.987334209582985345e-01 2.579042525576738520e-01 -3.213212141688744361e-01
-4.705632856889753746e-01 3.435034878307052786e-01 -2.865856341753845182e-01
-4.104200641942143957e-01 3.450121754751732106e-01 -2.761578238243765360e-01
-4.522234354205381113e-01 1.877148425428819545e-01 -2.620715201008648743e-01
-3.786459058677137945e-01 1.881791999208902999e-01 -2.685567838616240155e-01
-4.704675300060568444e-01 3.077910680219694828e-01 -2.671703866073893985e-01
-4.271933778600006670e-01 1.869911537241297217e-01 -2.804683128623285948e-01
-3.858493372503616348e-01 3.224055113081528701e-01 -2.881225046456339367e-01
-4.393852518119003014e-01 3.466933387171870495e-01 -2.657480603705794642e-01
-4.785546825105789215e-01 2.214344399075405256e-01 -2.714151157185178409e-01
-4.853040572556356347e-01 2.473800272763606312e-01 -2.693581814660838680e-01
-4.586047853119683548e-01 3.378931277580232706e-01 -2.503595782464844155e-01
-4.802058499964977911e-01 3.113477076732276139e-01 -2.466399396788641618e-01
-3.661923931092166962e-01 3.407907672403492905e-01 -2.422135055067758391e-01
-3.866827907589998059e-01 1.695786173110123141e-01 -2.500251750095797143e-01
-3.737650854343410600e-01 2.055183950622370692e-01 -2.507191976959303736e-01
-3.429597735485227505e-01 3.139162178977425444e-01 -2.700396784520871507e-01
-4.307109571035966922e-01 1.700733824747322764e-01 -2.353729074045842473e-01
-5.045020828097124266e-01 2.576062727388844786e-01 -2.292433900148742598e-01
-4.943952435301049997e-01 2.366369318626622698e-01 -2.334333191869831792e-01
-3.531568473141850073e-01 2.955319508366261450e-01 -2.465706362973370536e-01
-4.960574534097511590e-01 2.712890346558110566e-01 -2.342920713140861089e-01
-4.813167642490143172e-01 2.064186797747021851e-01 -2.403753589808035329e-01
-4.644163806494410740e-01 1.898411625827664817e-01 -2.296452837029925864e-01
-4.910392623021742620e-01 3.094154535828035346e-01 -2.038898892052360690e-01
-4.119902266574921867e-01 3.495687286002118199e-01 -2.123189438856865063e-01
-5.052203328375244329e-01 2.318506310233580114e-01 -1.981887178050358578e-01
-4.932057964326476140e-01 2.193238593990136376e-01 -1.777541913712757937e-01
-4.985496557492553049e-01 2.808734203814570729e-01 -1.773424913782802870e-01
-4.655320744455111459e-01 3.345155561781781306e-01 -1.869850556858027035e-01
-4.473928001944780242e-01 3.360761595543488300e-01 -1.990665057004297467e-01
