-1.931066621068722733e-01 -7.066278260081335638e-01 1.599343224790998053e-01
-3.030947544509499658e-01 -6.321936044762899165e-01 1.402808393867351344e-01
-3.788988096464374067e-01 -7.052749679646973524e-01 8.476141425045632949e-02
-2.008505939406924901e-01 -7.048478580640376023e-01 1.070398556248223221e-01
-3.947964779708366123e-01 -6.840920309351836703e-01 6.913337810721835452e-02
-3.194056060749647097e-01 -6.972639585333393342e-01 3.737918673594258639e-02
-4.300225380200329295e-01 -6.971152982476381821e-01 2.144428741537941774e-02
-2.421286274057379284e-01 -6.962891788661770276e-01 1.890884668789992729e-01
-1.943559359046728163e-01 -6.268373018652582118e-01 1.563477694776700677e-01
-2.474197469314094455e-01 -7.060410958339685683e-01 3.609072068100255271e-02
-1.720297815006942843e-01 -6.638704414073285376e-01 1.706956296018558028e-01
-4.123875056139035822e-01 -6.743243744360345460e-01 4.717444921940990021e-02
-2.411060523030395530e-01 -6.647582828253696396e-01 3.068003840116027836e-02
-2.372482190019818971e-01 -6.225746082628420552e-01 5.237671867853861685e-02
-1.882248528024194623e-01 -6.660339265186383528e-01 1.929853605877190625e-01
-2.394613948850643492e-01 -6.966802773783380420e-01 1.547819745283290915e-01
-2.015051441897643958e-01 -6.259249034820624225e-01 8.338226871747542179e-02
-2.723505877602482306e-01 -6.240440706878011001e-01 1.596685633763355039e-01
-3.143969740544950708e-01 -6.996445832526442254e-01 9.840544538341416958e-02
-3.466996015673606824e-01 -6.349294811311039233e-01 8.819609313517456917e-02
-2.890559165392809216e-01 -7.016482008726788733e-01 1.482055698163584068e-01
-2.738815250040173566e-01 -6.751026159760362688e-01 1.698633297761443228e-01
-1.852478564159192043e-01 -6.259669305029645914e-01 1.186682378729383008e-01
-3.381498222092204076e-01 -7.057590203583834487e-01 -1.002211033329075685e-01
-3.753259360282817925e-01 -7.009228639354598833e-01 4.830690438028685529e-02
-3.240804116999930207e-01 -6.712010251296863794e-01 -8.029737825554900121e-02
-3.920404118648048719e-01 -6.568782164061953699e-01 5.257934660343386440e-02
-3.708395927499268940e-01 -6.343097885876036734e-01 5.191673705505951697e-02
-2.325111969048335725e-01 -6.337357489256327803e-01 4.567715831413962646e-02
-3.078037585341634741e-01 -6.972754953626068009e-01 -6.777913564427011373e-02
-3.755002245561411822e-01 -6.657530047259796468e-01 9.473615683495330286e-02
-1.991637446899683084e-01 -6.803036658274997928e-01 9.034631089282699201e-02
-3.427118141251993544e-01 -6.983157877388227464e-01 -7.981723190262916823e-02
-1.963537027041504235e-01 -6.386899106307762919e-01 7.895426883284370478e-02
-4.110804652638432310e-01 -6.899025549956532277e-01 -7.244882386145916342e-02
-3.746778958471535526e-01 -6.600136793832741544e-01 -4.207085261288581735e-02
-2.768020733330312511e-01 -6.723558617393419201e-01 -3.261262211527764937e-02
-3.738498811294556079e-01 -6.970385783330107499e-01 -5.156411386850487388e-02
-3.008186204424374566e-01 -6.540856444761250499e-01 -2.956836601414910073e-02
-4.111561139014672794e-01 -7.052441481493689768e-01 -5.602125248762881982e-02
-3.920660401069628875e-01 -6.995284733066613470e-01 6.090812151577455064e-02
-2.262097807590409959e-01 -6.990535679704658056e-01 5.609907664162899765e-02
-2.696460253563026099e-01 -6.975397711587509875e-01 9.143662366450899803e-02
-2.976778834862650602e-01 -7.075162442676380392e-01 -1.648316076159554375e-02
-3.325767096138870782e-01 -6.855272124960343216e-01 -2.044073324790586510e-02
-3.830561884788278859e-01 -6.557599680265017161e-01 -1.889884598744958136e-02
-2.586985632527266099e-01 -7.022732498011957647e-01 1.771257637999019419e-01
-3.795949748867948892e-01 -6.906910972760722522e-01 2.091586767256830778e-02
-2.625972698917597992e-01 -6.488489952657797710e-01 -1.020018870956444605e-02
-3.882930849069431423e-01 -6.507664162900029803e-01 7.392363443084289110e-02
-1.625999068813066550e-01 -6.930419734570520962e-01 1.514587084519635474e-01
-2.532994919674826373e-01 -6.989650640088010958e-01 -4.241490558341334642e-03
-3.199274003815394951e-01 -7.007293748274627809e-01 1.221488992628790293e-01
-3.158310843383422828e-01 -6.538982534064549101e-01 -5.038182784578556193e-03
-3.385873976621439629e-01 -6.324480739675568675e-01 1.533251202096406855e-02
-3.503187049085088600e-01 -7.040888995100968994e-01 1.121868471905760646e-02
-4.423470031025831251e-01 -6.995606116167630839e-01 -2.389442153101985114e-04
-2.924331584954326657e-01 -6.373035133765414528e-01 -6.924388445041430862e-03
-3.432987915171343274e-01 -6.551727434167968767e-01 1.045820989612733370e-01
-4.000131849477340795e-01 -6.814993757751307557e-01 1.116450282446302192e-02
-2.390797730540871469e-01 -6.677959299714464336e-01 1.906278095269487993e-01
-4.118282166122100851e-01 -6.595799770087473757e-01 1.935625316747768138e-02
-2.224925319631975429e-01 -6.265609123983831852e-01 1.767634249549857872e-01
-1.763084618522379465e-01 -6.473745884854203991e-01 1.293622193563273570e-01
-4.391431432091339460e-01 -6.764811846675540252e-01 5.191820388049494216e-03
-3.551548613314325920e-01 -6.476511427641420404e-01 1.673348688303715609e-02
-3.523069126208792090e-01 -6.408952579511415504e-01 4.115238091314003810e-02
-2.991272388659297343e-01 -6.321107041174121033e-01 1.602862781776754481e-02
-2.176844759601320178e-01 -7.025258239562259810e-01 1.899707871001767856e-01
-2.398370834895612314e-01 -6.993727261115529892e-01 2.806569400208486914e-02
-2.644005587121602274e-01 -6.345106942287012108e-01 2.159855130386772321e-02
-1.913904763474398862e-01 -6.943472008767990200e-01 1.947500010300740325e-01
-3.003442095417818702e-01 -6.226311387262517538e-01 3.547609610178780598e-02
-3.775746288643228588e-01 -6.518530207951347410e-01 3.982660145611266467e-02
