4.744566876002164202e-01 3.995546348547501792e-01 -3.728030313366548221e-01
4.480738602314751073e-01 4.140858449476787495e-01 -3.660300899940108765e-01
4.559840854708197000e-01 3.966822122196297928e-01 -3.774915977149376212e-01
4.830912607456547270e-01 4.200051435190798599e-01 -3.523571374030123882e-01
5.116284256922124518e-01 3.555105738985231412e-01 -3.728776086807975010e-01
4.960045957031637975e-01 3.756935929948005959e-01 -3.669587221389221110e-01
4.201371047096953415e-01 4.562512160787492999e-01 -3.499760187742778084e-01
4.278438697692736881e-01 4.658596622110153240e-01 -3.488880960147500709e-01
4.949811143614478159e-01 3.574230501447828723e-01 -3.734473631088671142e-01
4.748076543501655866e-01 3.743887778929702592e-01 -3.215049433636343323e-01
4.430074627781707131e-01 4.448984841525943645e-01 -3.365201233373920631e-01
5.021177129634308844e-01 3.252147845305837226e-01 -3.373282780490030608e-01
4.859179481034278658e-01 3.421794410020044253e-01 -3.241027071169559903e-01
5.287839342399146547e-01 3.545549126167293341e-01 -3.238419748331243242e-01
4.996405090493145629e-01 3.720266950283208640e-01 -3.206574810352762483e-01
5.315227769028191274e-01 3.118926338777240903e-01 -3.076200427846412233e-01
4.696195433749840165e-01 4.431403541666433243e-01 -3.174877378944465089e-01
4.969317445417826828e-01 2.986884884810108165e-01 -3.068236721174638637e-01
4.977694829733353976e-01 3.609871055416601360e-01 -3.254221080639941865e-01
4.603929662070910256e-01 4.612588581216959804e-01 -3.052932296473873652e-01
4.851227311189222902e-01 3.144779543393711463e-01 -3.117928306027146768e-01
4.924308988153862088e-01 4.125341417540786537e-01 -3.032700822705380328e-01
4.758346791458021308e-01 3.434356366198078603e-01 -3.013711205927196990e-01
4.634306950879022446e-01 3.666674269881839976e-01 -3.046854036911476604e-01
5.164099459314821505e-01 3.639412748346695370e-01 -3.051868436238644455e-01
4.307803217926799988e-01 4.562071289195047119e-01 -3.162769479303697562e-01
5.405347690937533089e-01 3.312314044759434584e-01 -2.949441192398120082e-01
4.704042948095380483e-01 4.026262325625699079e-01 -3.058399104220205778e-01
5.191762297607949161e-01 3.886675786984853942e-01 -2.890292705872879453e-01
4.394485165474114052e-01 3.983522502929967013e-01 -2.776860153402228581e-01
4.744204290019591319e-01 4.097626663527427771e-01 -2.979340526956478219e-01
4.475993670297360172e-01 4.204408235395027393e-01 -2.976897191869370962e-01
5.361817595611602094e-01 3.446104976092478900e-01 -2.589104066976627427e-01
4.815816669695762164e-01 2.984321237101510982e-01 -2.843455661574077475e-01
5.153592706410732305e-01 2.917794949889970235e-01 -2.756759705022891471e-01
4.247347773746196764e-01 4.834261290076012907e-01 -2.815319813385503411e-01
4.597164137259727723e-01 3.808346501981528243e-01 -2.861737411627193195e-01
4.194300620436789417e-01 4.682567675853450684e-01 -2.836334143252733919e-01
4.946248736335703278e-01 4.142697749279290464e-01 -2.782789258276340272e-01
4.927637362662067311e-01 2.703144872266106113e-01 -2.393608417941205657e-01
5.296415324946036618e-01 3.749302670955802497e-01 -2.707373022019364250e-01
4.424258418997623621e-01 4.349477238904178589e-01 -2.673206709693368155e-01
5.396906030016003220e-01 3.115396069801466550e-01 -2.607375104262075749e-01
4.474145305845291798e-01 3.521569831833481490e-01 -2.524452514106798051e-01
4.677392878376301910e-01 2.723414252750959719e-01 -2.475205097082939787e-01
4.387664428706495312e-01 3.962218104276678532e-01 -2.496862193010185027e-01
4.568367393712010061e-01 2.891617890066339736e-01 -2.456269868202143047e-01
4.851690432376054019e-01 4.357857919455910833e-01 -2.517038454822241866e-01
5.067036015839215812e-01 3.987986430810865346e-01 -2.548606508959485040e-01
4.495972981996154694e-01 4.670463072448888808e-01 -2.602734003685147623e-01
4.278721349947332553e-01 2.410386357464665008e-01 -2.491936792060558126e-01
4.542921274266882303e-01 2.185807192331672422e-01 -2.311393694510995855e-01
4.853261088927833256e-01 2.359030173328527935e-01 -2.310947054505190223e-01
4.432668765675202849e-01 4.638582699931201869e-01 -2.426864145015513730e-01
5.248027401512687096e-01 3.576059912541717511e-01 -2.267766360217011445e-01
4.257561985687074446e-01 4.551055267797253778e-01 -2.411672616404777758e-01
4.186343506237425460e-01 4.134591480391642815e-01 -2.300338942337790960e-01
4.286592762005361212e-01 4.172747886644037618e-01 -2.521458707573420721e-01
4.653842094749167657e-01 4.400099186425606712e-01 -2.449748264870146020e-01
4.625809253942005927e-01 4.451159533362326615e-01 -2.160476343914759512e-01
4.295529682416721617e-01 4.344967163716408343e-01 -2.082310222603591665e-01
4.095177029332931484e-01 2.170948583577662350e-01 -2.201036530419800963e-01
5.135681782930702211e-01 2.817759125416322563e-01 -2.255743338658528219e-01
4.051281875847275171e-01 1.931321276108860507e-01 -2.090319252523187288e-01
4.394708485477016868e-01 2.710881962698772352e-01 -2.369648901024625776e-01
5.314381460382503475e-01 3.128007469522579576e-01 -2.187817799177879385e-01
5.114885828712066873e-01 3.536382293280618816e-01 -1.930164199961865723e-01
5.062761621540117218e-01 4.005161469558082832e-01 -2.233443476671268524e-01
5.004593765285925144e-01 2.196931165465186853e-01 -1.951110956986888967e-01
4.224182649755071073e-01 2.393078645210187094e-01 -2.152795289497581865e-01
4.252007827681305030e-01 3.641723409926544419e-01 -1.715462206617769103e-01
4.743326667129955654e-01 2.017143730065666940e-01 -2.051268742200129669e-01
5.247774415383937852e-01 2.511570920255827288e-01 -1.792473821198063977e-01
4.349554169760971867e-01 3.097284899971970429e-01 -2.203185676425593875e-01
4.450395923986792401e-01 1.898805554062620859e-01 -2.066154544902833179e-01
4.937669457552607000e-01 2.030949191352114935e-01 -1.613056388312578693e-01
4.127190899416929293e-01 3.490615701689457340e-01 -1.911729174925208552e-01
4.613279436066972661e-01 4.288414463202765425e-01 -1.935781810514585477e-01
3.977487387803259056e-01 2.459358538765387958e-01 -1.857798630312806620e-01
4.989358561545469972e-01 3.335913447870595405e-01 -1.694010301394298368e-01
5.224067884596106381e-01 2.888922392909533121e-01 -1.983356387664301779e-01
4.930917117686245965e-01 3.963233345027881716e-01 -1.889319713084125774e-01
3.998415191470102714e-01 3.588354873587129568e-01 -1.685015696849346545e-01
4.293636818775883324e-01 4.144878209529033741e-01 -1.944558039410942407e-01
4.794840246544891937e-01 1.836963218498677275e-01 -1.570530820970184316e-01
3.926882745521909079e-01 3.098170763452119392e-01 -1.700830214102866389e-01
4.676948710547650379e-01 3.970179338771298583e-01 -1.703736670376805318e-01
5.284547226489199057e-01 2.928299230616905890e-01 -1.486454548143084919e-01
4.327863287412624382e-01 3.675107690212855438e-01 -1.455816856674760629e-01
4.600998484025431989e-01 3.645104524214032304e-01 -1.550724561672162105e-01
5.102904010106148469e-01 3.308555511426449214e-01 -1.537190215813592498e-01
4.860764146589930390e-01 3.510423609105581821e-01 -1.408473840118459885e-01
5.105241865634689846e-01 2.112490658537412025e-01 -1.272735657247190399e-01
3.912382602455214409e-01 3.493057388658462603e-01 -1.402482106756449409e-01
5.011163988101948741e-01 3.273955744039469540e-01 -1.028140921817145559e-01
5.382269093146793137e-01 2.545681196566333959e-01 -1.459660268090028912e-01
4.614485034459026025e-01 3.583612413746892211e-01 -1.213344073301816234e-01
4.986301302465143137e-01 3.248242629461720599e-01 -8.013750335856212326e-02
5.301724737413570088e-01 2.714778937952375681e-01 -8.954306615239771006e-02
4.312609954373039511e-01 4.734511414093165449e-01 -2.939694221939330165e-01
