2.181343298956328614e-01 -6.999273179756162477e-01 3.954346294411642537e-02
1.247885257992344538e-01 -6.703073328910882367e-01 1.604932818570999065e-01
2.816474592193687343e-01 -6.477625555724947359e-01 1.253544896807182452e-01
1.436240476965484347e-01 -7.007608538901776152e-01 1.349585704220419291e-01
2.587825348886078625e-01 -6.301435099154928388e-01 1.502374526680978206e-01
1.816685551357431483e-01 -6.288222957466182983e-01 2.225563965537842859e-01
1.713713581732254909e-01 -6.974492070490025952e-01 1.561290641571316251e-01
1.228851137819786388e-01 -7.015756012542182507e-01 1.885204428494320350e-01
1.763242013835954747e-01 -6.629516153621123342e-01 2.407826914598621415e-01
2.797210559495016957e-01 -7.015227790573588251e-01 1.047666058236266101e-01
2.973307897371663677e-01 -7.059051260604612965e-01 1.246069855501213547e-01
2.185147156377600375e-01 -7.005510484093596668e-01 1.644785147156377914e-01
1.753012142512803684e-01 -7.040412688864076118e-01 7.744360344621571690e-02
3.167848504950536159e-01 -6.585347402771312142e-01 7.243661954421283522e-02
1.495779580636256156e-01 -7.022963234597302540e-01 2.238605526965278258e-01
1.236425890292994351e-01 -6.758198771327683652e-01 2.227342285363472230e-01
1.291971602918817741e-01 -6.374787907754810856e-01 1.746612498506392719e-01
2.789338321638559215e-01 -7.019660405189925845e-01 4.168080065595115152e-02
2.956764084202372356e-01 -6.990048660697731897e-01 5.307695477150897734e-02
3.430502552523475579e-01 -6.771809757685383069e-01 2.986306607718962683e-02
3.468649902554995501e-01 -6.777154605873070281e-01 4.636555267592634699e-02
2.681768101491135425e-01 -6.421611777454563352e-01 3.833971017836762529e-02
2.158408082372961501e-01 -6.292143007239361374e-01 2.086703392239834531e-01
1.439096666268371294e-01 -6.200172228379776662e-01 1.648852703532329989e-01
2.384666729844541200e-01 -6.220619610137576583e-01 8.768262182685693240e-02
1.435437843272174552e-01 -6.954715472948196364e-01 2.388451633903445337e-01
1.758564653627302521e-01 -6.968848912859857414e-01 3.796000840540418586e-02
2.872700977746280304e-01 -6.572380830734113610e-01 6.337517356747603137e-02
2.056462890552573364e-01 -6.973293888364696658e-01 1.069957684558366096e-01
1.628460533743165406e-01 -6.950079315701214178e-01 8.847371869089951102e-02
1.713151573335091604e-01 -6.971571604566936253e-01 2.457417151144824785e-01
1.434191041652073950e-01 -6.603723099616400916e-01 2.420285866148058906e-01
1.641497150815200423e-01 -6.268809770046270824e-01 2.212275186340394439e-01
2.518835933926931170e-01 -6.271810993774233900e-01 5.448762881075891462e-02
2.553989476763590116e-01 -6.988243146917402226e-01 -7.131233081033866439e-02
3.461086686911055144e-01 -7.051195503932823350e-01 5.096552548197164079e-02
2.460058260987799950e-01 -6.727778624727546175e-01 -5.736958644587373396e-02
2.849312528584554971e-01 -6.363513129323736806e-01 8.731097111260359422e-02
3.132156027375248009e-01 -7.060655703931999483e-01 -4.676130712275598095e-02
2.363843577076320812e-01 -6.930437863873657456e-01 -5.784908179199921285e-02
1.627621641443587064e-01 -7.025521938516940956e-01 1.043858080518827863e-01
1.952125454777689784e-01 -6.253731134193927232e-01 6.419355503273575791e-02
1.713899819118998302e-01 -6.373865785472661027e-01 8.526705699605686972e-02
2.914620046888970473e-01 -7.061112232747289719e-01 -1.376698406681472510e-02
3.252774401423974560e-01 -6.962395705003276980e-01 -4.093961705967424924e-02
3.218716857367707740e-01 -6.920189039188138214e-01 8.792547208293333139e-02
2.472073044610446912e-01 -6.428274296356422113e-01 1.821322532663647853e-01
1.693609008615539757e-01 -6.710271486314436373e-01 6.576981553434060879e-02
2.342289483768093261e-01 -6.973747945002286563e-01 -8.410150761636748379e-03
2.722388453282022502e-01 -6.857007593705835014e-01 -1.568065067717067801e-02
3.052342594385684116e-01 -6.720734566400633492e-01 -2.835377686948137993e-02
1.528127201783264499e-01 -6.260598019785662549e-01 1.229274704265742590e-01
3.136576281103085617e-01 -6.836348428725056436e-01 1.113196896592927171e-01
3.126446945006406963e-01 -6.553262656519751594e-01 9.855748431197235149e-02
2.503310657970095332e-01 -6.178656041796285470e-01 1.191254259356162443e-01
2.469174828286657408e-01 -6.813181651497111080e-01 5.956860499132678351e-03
2.436045998986407501e-01 -6.284762732745230451e-01 1.765846041013428014e-01
2.990206056011305846e-01 -6.591799786568659503e-01 7.412478728971038169e-03
3.114396726836725637e-01 -7.010734195573977701e-01 3.349487641171646976e-03
2.373753713416920652e-01 -7.027737833795493216e-01 2.828718464283212775e-02
2.958497080770165488e-01 -7.082039216978917029e-01 7.659968438531362944e-02
2.878273266282380671e-01 -6.836312170118787890e-01 1.302293768876106872e-01
1.995438008084021164e-01 -7.040055871216024386e-01 2.204188693083259099e-01
2.213508803012760873e-01 -6.281736787240267406e-01 5.660541159698559421e-02
1.987575658938364465e-01 -6.916354691575230529e-01 5.419994149179440529e-03
2.019002805921689958e-01 -6.592423599408325785e-01 4.412491089859537502e-03
2.061536623252479272e-01 -6.619723857750896556e-01 2.206110399215496232e-01
1.896263303406248713e-01 -7.046730751006382576e-01 2.464060716684315228e-02
2.701467237465028925e-01 -6.519332017585424133e-01 7.787936596882583801e-03
1.826111964928038844e-01 -6.518226954153464314e-01 2.253620710256653073e-02
2.441561427435404164e-01 -7.030080634195987610e-01 1.702402544694913145e-01
1.470921009802184654e-01 -6.240223155240398611e-01 2.068533710203089293e-01
2.924062941644245406e-01 -6.838100378655219691e-01 4.668678744628164401e-02
2.306530257394902028e-01 -6.536108215458528159e-01 2.091935344312549280e-02
2.038485214317204974e-01 -6.310398391436377041e-01 3.182207737092142968e-02
3.554177362268799989e-01 -7.071394019802145214e-01 2.778454971343340130e-02
