4.744568007548382593e-01 3.995545135784361324e-01 -3.728029138734492709e-01
4.480739675567879665e-01 4.140857268820483106e-01 -3.660299710343180024e-01
4.559841945439038202e-01 3.966820903086514249e-01 -3.774914812876750125e-01
4.830913758080931375e-01 4.200050267613236743e-01 -3.523570154222686046e-01
5.116285470599626350e-01 3.555104428906349923e-01 -3.728774912340699355e-01
4.960047136188149297e-01 3.756934664463682516e-01 -3.669586033844113304e-01
4.201372058623573658e-01 4.562511073295948960e-01 -3.499758962674237583e-01
4.278439726247523223e-01 4.658595555848554781e-01 -3.488879732675185252e-01
4.949812320509598407e-01 3.574229195594580410e-01 -3.734472457880272933e-01
4.748077675823338395e-01 3.743886510562379200e-01 -3.215048145660710510e-01
4.430075689840586306e-01 4.448983728950437477e-01 -3.365199978574460182e-01
5.021178322297806806e-01 3.252146468288141246e-01 -3.373281527476195141e-01
4.859180637904252364e-01 3.421793070485906751e-01 -3.241025788933709073e-01
5.287840593981896209e-01 3.545547813976869245e-01 -3.238418465519301570e-01
4.996406277683239638e-01 3.720265676696841717e-01 -3.206573520504654162e-01
5.315229026662436906e-01 3.118924932324135813e-01 -3.076199109191968817e-01
4.696196554608345619e-01 4.431402425206323881e-01 -3.174876082092781271e-01
4.969318626622882262e-01 2.986883449182327621e-01 -3.068235400760607190e-01
4.977696012789399882e-01 3.609869757438164406e-01 -3.254219801319319094e-01
4.603930762543211874e-01 4.612587504789844584e-01 -3.052930972678316035e-01
4.851228466302157649e-01 3.144778142652894792e-01 -3.117926996592514932e-01
4.924310159414259092e-01 4.125340233455981331e-01 -3.032699494439660692e-01
4.758347926048924759e-01 3.434355029439515872e-01 -3.013709873465704736e-01
4.634308058063213998e-01 3.666672984454122930e-01 -3.046852711772922717e-01
5.164100683557134586e-01 3.639411456895522146e-01 -3.051867112208025978e-01
4.307804252969703040e-01 4.562070201606092112e-01 -3.162768179776762612e-01
5.405348968483856265e-01 3.312312681035513573e-01 -2.949439845736112065e-01
4.704044070687801171e-01 4.026261119649280906e-01 -3.058397781632544166e-01
5.191763527962390823e-01 3.886674550166666631e-01 -2.890291346141961037e-01
4.394486219669470062e-01 3.983521287510147224e-01 -2.776858768608287953e-01
4.744205421485696572e-01 4.097625473319022049e-01 -2.979339186900754610e-01
4.475994742502091284e-01 4.204407068780104395e-01 -2.976895851273789750e-01
5.361818863539911106e-01 3.446103641929782468e-01 -2.589102640697813484e-01
4.815817816984685473e-01 2.984319800907289655e-01 -2.843454291494472708e-01
5.153593928331567930e-01 2.917793498996707480e-01 -2.756758315787739000e-01
4.247348795431415969e-01 4.834260262627677607e-01 -2.815318437089257553e-01
4.597165236237180652e-01 3.808345247856416704e-01 -2.861736045586957267e-01
4.194301630401193748e-01 4.682566614888277745e-01 -2.836332771599622826e-01
4.946249912443706487e-01 4.142696569029382103e-01 -2.782787874792440053e-01
4.927638534657871050e-01 2.703143373945719463e-01 -2.393606948467456030e-01
5.296416578423657207e-01 3.749301403784903730e-01 -2.707371621872180500e-01
4.424259479771406323e-01 4.349476104342380189e-01 -2.673205301997108041e-01
5.396907305697133950e-01 3.115394662568345407e-01 -2.607373682020263650e-01
4.474146377641625150e-01 3.521568514344811107e-01 -2.524451073543166890e-01
4.677393995080367239e-01 2.723412758909110609e-01 -2.475203645638048566e-01
4.387665481394802391e-01 3.962216884149633023e-01 -2.496860746350448024e-01
4.568368486326797040e-01 2.891616433389232466e-01 -2.456268412573495985e-01
4.851691587591316912e-01 4.357856786745831212e-01 -2.517037012620467196e-01
5.067037218635275231e-01 3.987985216377353814e-01 -2.548605073732700399e-01
4.495974058615333502e-01 4.670462008809193044e-01 -2.602732580417880803e-01
4.278722378564571160e-01 2.410384794459025926e-01 -2.491935344312549427e-01
4.542922361259327246e-01 2.185805579705069057e-01 -2.311392206871830113e-01
4.853262244490134103e-01 2.359028598975694835e-01 -2.310945566767339532e-01
4.432669828307259086e-01 4.638581629247509608e-01 -2.426862682889646128e-01
5.248028644298952106e-01 3.576058607092678088e-01 -2.267764862938348169e-01
4.257563009629132811e-01 4.551054177774299103e-01 -2.411671150922328755e-01
4.186344514443698372e-01 4.134590298350646065e-01 -2.300337452256068227e-01
4.286593792361794719e-01 4.172746713033732568e-01 -2.521457266348305359e-01
4.653843206249665965e-01 4.400098063048772379e-01 -2.449746807800544657e-01
4.625810359248622716e-01 4.451158421267320531e-01 -2.160474822930272265e-01
4.295530714747776146e-01 4.344966028158104843e-01 -2.082308684348231353e-01
4.095178017395890158e-01 2.170946967668035965e-01 -2.201035018397122789e-01
5.135683000894104566e-01 2.817757652420055936e-01 -2.255741838723367421e-01
4.051282854211560869e-01 1.931319607253369208e-01 -2.090317716037428664e-01
4.394709539721715075e-01 2.710880466087902674e-01 -2.369647426256999700e-01
5.314382717829758684e-01 3.128006065075958353e-01 -2.187816284234510855e-01
5.114887042080584756e-01 3.536380979064774888e-01 -1.930162628089707177e-01
5.062762823391745437e-01 4.005160258919410743e-01 -2.233441971808933779e-01
5.004594954285314090e-01 2.196929555296434633e-01 -1.951109389742934908e-01
4.224183666321935648e-01 2.393077078380394240e-01 -2.152793766815958854e-01
4.252008850396167272e-01 3.641722118985913359e-01 -1.715460587307015838e-01
4.743327798402148798e-01 2.017142080172722451e-01 -2.051267197086126814e-01
5.247775658114305353e-01 2.511569379607006547e-01 -1.792472218903095049e-01
4.349555214028784644e-01 3.097283488737170298e-01 -2.203184164877771412e-01
4.450396990535679942e-01 1.898803878022752301e-01 -2.066153003077861594e-01
4.937670631765012086e-01 2.030947544509499325e-01 -1.613054746375169601e-01
4.127191894553380869e-01 3.490614377361445086e-01 -1.911727598979814924e-01
4.613280538605115111e-01 4.288413315149093297e-01 -1.935780239883643228e-01
3.977488349862587924e-01 2.459356986580195636e-01 -1.857797042451411473e-01
4.989359747178627180e-01 3.335912089360983379e-01 -1.694008677343727676e-01
5.224069122088496053e-01 2.888920935636853371e-01 -1.983354827545004140e-01
4.930918290406715032e-01 3.963232125125154548e-01 -1.889318132187342014e-01
3.998416158153448308e-01 3.588353570854673213e-01 -1.685014070811410025e-01
4.293637850688707402e-01 4.144877029760898890e-01 -1.944556470719115415e-01
4.794841389199056003e-01 1.836961528794689991e-01 -1.570529169636713795e-01
3.926883696400097490e-01 3.098169352413051580e-01 -1.700828591559161440e-01
4.676949827153575878e-01 3.970178120403294320e-01 -1.703735048475284453e-01
5.284548477344551687e-01 2.928297782044573250e-01 -1.486452878232887576e-01
4.327864326887817525e-01 3.675106406648510071e-01 -1.455815179995137987e-01
4.600999583850087227e-01 3.645103234020461436e-01 -1.550722905962480802e-01
5.102905220827272936e-01 3.308554146872076940e-01 -1.537188557113485787e-01
4.860765303810038462e-01 3.510422289154144226e-01 -1.408472152978356151e-01
5.105243076872366670e-01 2.112489029711455690e-01 -1.272733940115615414e-01
3.912383550129583387e-01 3.493056064869942690e-01 -1.402480418292467168e-01
5.011165178553034227e-01 3.273954371840248623e-01 -1.028139150642148336e-01
5.382270365593878614e-01 2.545679663454209485e-01 -1.459658592259611698e-01
4.614486137263547061e-01 3.583611109966585162e-01 -1.213342343047618260e-01
4.986302487422795693e-01 3.248241251581163724e-01 -8.013732123065005208e-02
5.301725992064308945e-01 2.714777442202546132e-01 -8.954288610265305481e-02
4.312610990477995232e-01 4.734510364605007959e-01 -2.939692873123719852e-01
