9.179541905472167126e-03 2.436476981965463584e-01 -4.227081882645724598e-01
7.380727726708995184e-03 2.425466726548304308e-01 -3.919163085442582406e-01
8.805089389825338994e-03 2.141664022809959267e-01 -3.988658472771022812e-01
6.481652733198461913e-02 2.025341469544830741e-01 -3.778272854252764379e-01
3.445666890536091403e-02 2.195543487665893301e-01 -4.100798925426759611e-01
4.208601530277996522e-02 2.337385507270262619e-01 -4.113527344345511705e-01
1.594855810235639923e-02 2.544389186694739347e-01 -3.841851496285553225e-01
-2.008249656985344050e-02 2.081802711978937015e-01 -3.814547941706050160e-01
-1.252149764525074295e-02 2.290793198215087811e-01 -3.936296100963737610e-01
4.196565321115282993e-02 1.864127465482219026e-01 -3.584410447422960999e-01
7.559157976275335256e-02 2.368892587999225086e-01 -3.672821290394354121e-01
2.729292421539259578e-03 1.919593244362404749e-01 -3.600292541027849125e-01
-2.487143439870458106e-02 2.531936003559935866e-01 -3.515425976819213649e-01
4.845867960989036494e-02 2.557081347007223449e-01 -3.409416524859807396e-01
2.632924462610372607e-02 1.923428416034544675e-01 -3.630902221251663953e-01
5.798721060069798178e-02 1.876995974470644923e-01 -3.401607739564320720e-01
-4.011078652333530115e-02 2.222797598691393928e-01 -3.454601340744372640e-01
-2.022560269632181149e-02 1.976655225977643204e-01 -3.439865513533112984e-01
8.287317316368701670e-02 2.373125780281086783e-01 -3.446435737800833676e-01
3.846550282034272988e-02 2.702917581715773565e-01 -3.404637805365449688e-01
3.510720598596627634e-02 1.831914990049484659e-01 -3.157269232512433521e-01
-2.870820474575712725e-02 1.923166365198330507e-01 -3.235223587871496331e-01
4.905200225792229890e-02 2.704642337691233744e-01 -3.149783478436430362e-01
6.009282203204766720e-02 1.998753198379899787e-01 -3.224948393290509863e-01
7.133491003333319869e-02 2.132532622444901493e-01 -3.118403302829407808e-01
7.903957544468295793e-02 2.138076892967066545e-01 -3.343066571625168959e-01
-4.324975999274826947e-03 1.944168338820194408e-01 -3.101258750478984583e-01
6.947495065945339179e-03 2.832785196599931776e-01 -3.210856980399751648e-01
9.348820153192610380e-03 1.800926242578316516e-01 -3.077982373372998293e-01
9.002947659877792719e-02 2.373943247040597171e-01 -3.119829749362384441e-01
-4.257485548061194607e-03 2.599600331271811338e-01 -3.352111445770722398e-01
-4.474042546178219615e-02 2.464049179855047900e-01 -3.372028957441460806e-01
-1.098729712691748350e-02 2.789194935331951730e-01 -2.950944577896258969e-01
-1.704114115722638045e-02 2.029863906617608016e-01 -2.922827676853412271e-01
-4.717973143909584555e-02 2.245469116320081282e-01 -3.110139636837096488e-01
-2.986951022039464193e-02 3.301060152203740827e-01 -3.044000642766202525e-01
4.404660879023984676e-02 1.971999291309059210e-01 -3.071841483965867536e-01
8.340388379116692175e-02 2.553485152512762202e-01 -3.014157337629428390e-01
-5.076316125603108631e-02 2.577198281012439973e-01 -2.936362025702407563e-01
7.660096167712536486e-02 2.151382153349182813e-01 -2.875656054157173513e-01
