9.179531554248315101e-03 2.436478539206012039e-01 -4.227082947011660541e-01
7.380717772934634879e-03 2.425468286221578174e-01 -3.919164217843432718e-01
8.805079121337084855e-03 2.141665645189676503e-01 -3.988659589816809792e-01
6.481650468772248708e-02 2.025343117626112743e-01 -3.778274017783428418e-01
3.445665296913479753e-02 2.195545098140897766e-01 -4.100800017695020450e-01
4.208599768084339554e-02 2.337387086405154912e-01 -4.113528433801416639e-01
1.594854625551277855e-02 2.544390720091996294e-01 -3.841852645768464303e-01
-2.008250045560551131e-02 2.081804347585060888e-01 -3.814549097221703877e-01
-1.252150320161182599e-02 2.290794787644589714e-01 -3.936297229579033830e-01
4.196563561581036911e-02 1.864129149183869627e-01 -3.584411653787685781e-01
7.559155473773440659e-02 2.368894160172601571e-01 -3.672822477224629290e-01
2.729283495503405984e-03 1.919594915808845448e-01 -3.600293743883412056e-01
-2.487143722633684828e-02 2.531937539708734031e-01 -3.515427198426115396e-01
4.845866057990830950e-02 2.557082877600136417e-01 -3.409417769889585004e-01
2.632923048563876739e-02 1.923430086633600988e-01 -3.630903417343992468e-01
5.798718946537906316e-02 1.876997655328987991e-01 -3.401608986319455408e-01
-4.011078598382001453e-02 2.222799203144580071e-01 -3.454602575790527985e-01
-2.022560655045446340e-02 1.976656884816191673e-01 -3.439866751835161107e-01
8.287314652979393959e-02 2.373127351519135897e-01 -3.446436974651185814e-01
3.846548599836141502e-02 2.702919080086049752e-01 -3.404639051451089915e-01
3.510718990600344286e-02 1.831916680868508895e-01 -3.157270533254365463e-01
-2.870820672565179213e-02 1.923168035855287172e-01 -3.235224871389348333e-01
4.905198309684510871e-02 2.704643835680423103e-01 -3.149784780832345921e-01
6.009280043149215628e-02 1.998754852335882792e-01 -3.224949679078674691e-01
7.133488594882896050e-02 2.132534246842209269e-01 -3.118404612158799383e-01
7.903954965782650222e-02 2.138078516139363117e-01 -3.343067831315024163e-01
-4.324983366664195659e-03 1.944170004836747456e-01 -3.101260063596479322e-01
6.947485207894097542e-03 2.832786666275849963e-01 -3.210858269301425927e-01
9.348809764566588451e-03 1.800927940244330117e-01 -3.077983691633427998e-01
9.002944838369364433e-02 2.373944818098026044e-01 -3.119831058376601463e-01
-4.257492930362634896e-03 2.599601852470120322e-01 -3.352112703462105103e-01
-4.474042389934433650e-02 2.464050731003495920e-01 -3.372030210732053224e-01
-1.098730302226144824e-02 2.789196414639174559e-01 -2.950945924225795713e-01
-1.704114571496846350e-02 2.029865553699653768e-01 -2.922829029395401235e-01
-4.717972933769129518e-02 2.245470715763976666e-01 -3.110140947992351967e-01
-2.986951194369789203e-02 3.301061518413917484e-01 -3.044001968534923996e-01
4.404659073510851924e-02 1.972000951176340333e-01 -3.071842803583131887e-01
8.340385704001287981e-02 2.553486683900258458e-01 -3.014158669992053063e-01
-5.076315836286474092e-02 2.577199807160499567e-01 -2.936363375253971397e-01
7.660093642908263889e-02 2.151383773581670988e-01 -2.875657417121771919e-01
