-1.070967158302664757e-01 1.078450957777894459e-01 7.793560986041114802e-02
-1.039059073664247990e-01 8.376402912878422313e-02 7.231742056428025478e-02
-1.068892721086740494e-01 5.274216686910015994e-02 7.798456434387190939e-02
-9.991395372344413772e-02 2.255487561051339185e-02 6.213235828372276615e-02
-1.070918040350079536e-01 -2.444428847702706520e-02 6.792522146252544246e-02
-1.022956343367695808e-01 -5.839561109384749926e-02 5.836447776419539935e-02
-1.111643686890602112e-01 -8.663912577723653641e-02 6.775602950753345510e-02
-1.073110392317175865e-01 -1.129932972097842381e-01 5.933041133267913381e-02
-1.116104591637849808e-01 -1.499174990545393271e-01 6.432915670145611386e-02
-1.167812272906303406e-01 -1.907835903674834910e-01 7.398203570549632957e-02
-1.192179322242736816e-01 -2.139971425456361764e-01 7.777459671529474150e-02
-1.098588714376091957e-01 -1.692647479774143093e-01 6.201486600098427004e-02
-1.035313713364303112e-01 -1.958909965218609273e-01 7.311412597947253289e-02
-1.042477744631469250e-01 -1.428971010068127434e-01 7.781397138257606372e-02
-9.613964520394802094e-02 -9.452653220105844412e-02 6.452516381552086955e-02
-1.044386527501046658e-01 -6.050673937810735481e-02 7.795034466158412556e-02
-9.552173502743244171e-02 -2.943187633000121650e-02 6.332706310564972796e-02
-1.031528264284133911e-01 -7.470176369046122034e-03 8.035566074049249607e-02
-9.610752738080918789e-02 5.213532527315045684e-02 7.425176421183365960e-02
-1.003575635259039700e-01 8.582187742682911846e-02 9.152213976174117249e-02
-9.489658148959279060e-02 1.114716793387611204e-01 8.204181697267109996e-02
-9.549542842432856560e-02 7.965401234375679707e-02 7.144853444859045055e-02
-9.854834363795816898e-02 2.488801810175544915e-02 8.320872987743399563e-02
-1.089454693719744682e-01 1.304323651853627197e-01 7.728409630755095350e-02
