-1.237089335918426514e-01 -2.850982472300529480e-01 3.070967225357891239e-01
-9.899431467056274414e-02 -2.842923626303672791e-01 3.039059140719474472e-01
-7.049626111984252930e-02 -2.707892730832099915e-01 3.068892788141966976e-01
-3.723472356796264648e-02 -2.782882824540138245e-01 2.999139604289667860e-01
6.663680076599121094e-03 -2.605285272002220154e-01 3.070918107405306019e-01
4.193264245986938477e-02 -2.609762474894523621e-01 3.022956410422922846e-01
6.678307056427001953e-02 -2.445947453379631042e-01 3.111643753945829149e-01
9.441995620727539062e-02 -2.459123060107231140e-01 3.073110459372402903e-01
1.287922263145446777e-01 -2.315272018313407898e-01 3.116104658693076845e-01
1.657674908638000488e-01 -2.116263136267662048e-01 3.167812339961530443e-01
1.872084736824035645e-01 -2.019548714160919189e-01 3.192179389297963854e-01
1.480792164802551270e-01 -2.287551984190940857e-01 3.098588781431318995e-01
1.709254980087280273e-01 -2.111427560448646545e-01 3.035313780419530150e-01
1.185209155082702637e-01 -2.203188836574554443e-01 3.042477811686696287e-01
7.523792982101440430e-02 -2.456741109490394592e-01 2.961396519094707247e-01
3.890264034271240234e-02 -2.415113523602485657e-01 3.044386594556273695e-01
1.267141103744506836e-02 -2.636791244149208069e-01 2.955217417329550900e-01
-1.294928789138793945e-02 -2.529148682951927185e-01 3.031528331339360394e-01
-6.894397735595703125e-02 -2.742378190159797668e-01 2.961075340863318361e-01
-1.059525907039642334e-01 -2.662746384739875793e-01 3.003575702314266183e-01
-1.282747089862823486e-01 -2.820705845952033997e-01 2.948965881951154389e-01
-9.479945898056030273e-02 -2.840678915381431580e-01 2.954954351298512139e-01
-4.494333267211914062e-02 -2.585339322686195374e-01 2.985483503434808172e-01
-1.453579366207122803e-01 -2.915735766291618347e-01 3.089454760774971165e-01
