-1.417405494398353838e-01 -1.981932669878005981e-01 3.059366240163443607e-01
-1.209351742286304265e-01 -2.030132561922073364e-01 3.208576143898471678e-01
-1.278522898631656579e-01 -2.145165205001831055e-01 2.986698449616568274e-01
-1.013319563557418257e-01 -2.112594693899154663e-01 2.937443340030286287e-01
-1.777406706547374204e-01 -2.168735712766647339e-01 2.368155947609927869e-01
-1.496076372428463697e-01 -2.235282659530639648e-01 2.414404822971414899e-01
-1.599940713117254942e-01 -2.230007052421569824e-01 2.214008540656350332e-01
-1.677661186315154707e-01 -2.141697406768798828e-01 2.610849772451756534e-01
-1.815167305545714038e-01 -1.935481280088424683e-01 2.417956636616317434e-01
-1.669858355991410415e-01 -1.787549257278442383e-01 2.553086911695198191e-01
-1.120876717206941708e-01 -2.033900469541549683e-01 2.729846596396258707e-01
-9.681191091446705865e-02 -1.831707507371902466e-01 2.761853182610910507e-01
-1.257138365145729075e-01 -1.777448058128356934e-01 2.868911852650009031e-01
-1.146562744807383960e-01 -1.698488444089889526e-01 2.996545158396643482e-01
-1.410917066206487380e-01 -2.039628624916076660e-01 2.108415843350492924e-01
-1.315352210344525874e-01 -1.870206296443939209e-01 2.310238302554862289e-01
-1.352917063576662970e-01 -2.078827768564224243e-01 2.488721984308420732e-01
-1.241007396724103096e-01 -1.754822731018066406e-01 3.211994253254206733e-01
-1.290041905428515046e-01 -2.051916569471359253e-01 2.802218176921235093e-01
