1.379536651074886322e-01 4.647108912467950992e-02 1.419443190097809393e-01
1.452105422504246235e-01 5.395609140396112613e-02 1.469182074069977362e-01
1.489323467249050736e-01 3.430187702178949527e-02 1.578463017940522073e-01
1.397748934105038643e-01 -2.127042412757879086e-02 1.587478220462799905e-01
1.462858861777931452e-01 -3.327181935310369321e-02 1.454236656427384256e-01
1.549533540382981300e-01 -1.878055930137639828e-02 1.478157937526703714e-01
1.517956845927983522e-01 -2.848052978515630551e-02 1.649269163608551858e-01
1.264287531375885010e-01 -9.304031729698186703e-02 1.402443498373032726e-01
1.284732688218355179e-01 -9.747582674026494809e-02 1.694827973842621960e-01
1.442049401812255383e-01 -9.689146280288701840e-02 1.353886574506760754e-01
1.699515674263238907e-01 -9.777402877807622739e-02 1.463646441698075451e-01
1.745057646185159683e-01 -9.598362445831304379e-02 1.653161495923997082e-01
1.601612092927098274e-01 -9.523475170135503598e-02 1.818955689668656506e-01
1.389892483130097389e-01 -9.279704093933111020e-02 1.874465346336365856e-01
1.585083967074751854e-01 -7.931327819824224301e-02 1.836673021316529153e-01
1.708179339766502380e-01 -8.550068736076360532e-02 1.494668424129486917e-01
1.474141662474721670e-01 -8.513602614402776547e-02 1.411723792552948831e-01
1.206447072327136993e-01 -8.632403612136846371e-02 1.588407903909684060e-01
1.425198535434901714e-01 -1.174396276473999579e-01 1.633964329957963146e-01
1.466965947765856981e-01 -1.474482417106628973e-01 1.642299890518189587e-01
1.435452965088188648e-01 -1.764809191226959784e-01 1.780588626861573376e-01
1.478709012735635042e-01 -2.061571776866913397e-01 1.739968806505204357e-01
1.425486109219491482e-01 -2.333447635173798163e-01 1.870642155408860641e-01
1.468406375497579575e-01 -2.590340673923492987e-01 1.837586462497712569e-01
1.413262309506535530e-01 -2.810278832912445623e-01 1.982180625200272994e-01
1.458112923428416252e-01 -3.121300637722015936e-01 1.933800578117371993e-01
1.380306780338287354e-01 -3.282644450664520819e-01 2.087995111942292648e-01
1.441161939874291420e-01 -3.501859009265900213e-01 2.039150744676591631e-01
1.365743810310959816e-01 -3.644452989101410467e-01 2.203741520643235918e-01
1.428006095811724663e-01 -3.841784894466400702e-01 2.143853902816774126e-01
1.346824495121836662e-01 -3.993126451969146729e-01 2.320809364318849322e-01
1.378117771819233894e-01 -4.153526723384857178e-01 2.300020083785058733e-01
1.305656321346759796e-01 -4.398027360439300537e-01 2.507953494787217852e-01
1.550562307238578796e-01 -1.192818880081177313e-01 1.576870381832123913e-01
1.546597918495535851e-01 -1.342362761497498114e-01 1.771237552165986218e-01
1.536484346725046635e-01 -1.784702241420746405e-01 1.751392334699631848e-01
1.538095572032034397e-01 -2.257056534290314276e-01 1.903305202722550826e-01
1.545238518156111240e-01 -2.835292518138886053e-01 1.920651793479920821e-01
1.532208800781518221e-01 -3.068166673183441717e-01 2.088361829519273238e-01
1.531967052724212408e-01 -3.373557031154633123e-01 2.086137831211091476e-01
1.498632100847316906e-01 -3.648618161678314209e-01 2.253459021449090716e-01
1.490026926621794701e-01 -3.979702293872833252e-01 2.278559952974321123e-01
1.453494224697351456e-01 -4.239638149738311768e-01 2.453906908631326433e-01
