-1.944103650748729706e-02 5.302667990326881409e-02 5.446807295083999634e-02
1.155646145343780518e-02 5.091596767306327820e-02 4.806377738714218140e-02
4.346679523587226868e-02 5.725557729601860046e-02 4.837451130151748657e-02
6.652884185314178467e-02 8.423146605491638184e-02 5.317578464746475220e-02
8.784081041812896729e-02 1.068352092988789082e-01 6.190633028745651245e-02
-5.103372409939765930e-02 6.727714464068412781e-02 6.109609454870223999e-02
-7.925865799188613892e-02 9.724469017237424850e-02 6.044771522283554077e-02
-7.696324586868286133e-02 1.445570960640907288e-01 6.691596657037734985e-02
4.499000683426856995e-02 1.812593489885330200e-01 7.705967873334884644e-02
8.850530721247196198e-03 1.873559504747390747e-01 6.613961607217788696e-02
-3.683554753661155701e-02 1.799737513065338135e-01 7.253957539796829224e-02
8.630782365798950195e-02 1.673674210906028748e-01 7.861923426389694214e-02
9.702832251787185669e-02 1.431792639195919037e-01 7.314538210630416870e-02
