-5.727271437644958496e-01 -2.822083421051502228e-02 2.186272442340850830e-01
-5.438441038131713867e-01 1.532703900011256337e-04 1.886757612228393555e-01
-5.399726629257202148e-01 -5.406891554594039917e-02 2.116894423961639404e-01
-5.164121985435485840e-01 -4.532267525792121887e-02 2.468531131744384766e-01
-5.490557551383972168e-01 -1.555884070694446564e-02 2.673880755901336670e-01
-5.419081449508666992e-01 7.995727472007274628e-03 2.326759696006774902e-01
-5.327924489974975586e-01 -4.050603881478309631e-02 2.735917866230010986e-01
-5.452910661697387695e-01 -3.553547337651252747e-02 1.798935532569885254e-01
-5.517416596412658691e-01 -3.501944243907928467e-02 2.392668724060058594e-01
-5.390919446945190430e-01 1.616104319691658020e-02 2.702104151248931885e-01
