-7.427882132612921851e-01 -3.127648840154306775e-01 -1.041190996766090393e-01
-6.395418670489547708e-01 -4.912964438555560420e-01 -1.103111878037452698e-01
-6.370040652441488760e-01 -4.947879622145134881e-01 1.012274995446205139e-01
-7.426605126663083922e-01 -3.123288671345294532e-01 1.016058027744293213e-01
-6.700748401442631064e-01 -4.371428012444305011e-01 -7.896885275840759277e-02
-7.340473372570741617e-01 -3.262458470755120743e-01 -9.747144766151905060e-03
-6.929013628717832773e-01 -3.973912896958664565e-01 8.554497361183166504e-02
-6.403448682694445893e-01 -4.878251645028610639e-01 -1.172984763979911804e-02
-7.065828455025560118e-01 -3.737018964761424922e-01 -5.051761493086814880e-02
-6.746295150436942833e-01 -4.288693038905120325e-01 2.003750763833522797e-02
6.310753291809909626e-01 -4.953652383459923314e-01 1.059855371713638306e-01
7.421578458229660669e-01 -3.113320981603142634e-01 1.070870384573936462e-01
7.431054071666878258e-01 -3.112067390842740977e-01 -1.078904494643211365e-01
6.400589128606348766e-01 -4.915337401040611454e-01 -1.066149398684501648e-01
7.036105678433379751e-01 -3.800166143798469065e-01 4.960044100880622864e-02
6.611586927719024231e-01 -4.546574017834204007e-01 -4.244099371135234833e-03
6.717168372026876000e-01 -4.355563177260211027e-01 6.447415798902511597e-02
7.267486814115784455e-01 -3.400912649734504356e-01 -3.302162140607833862e-02
6.404156820966520058e-01 -4.912258610255668678e-01 -5.744639784097671509e-02
6.938924314272405525e-01 -3.978655368992222163e-01 -9.003081917762756348e-02
6.939360950011206342e-01 -3.969419737184329278e-01 -2.520743012428283691e-02
