-7.996559143066406250e-01 1.005317792296409607e-01 -1.041190996766090393e-01
-7.995077371597290039e-01 -1.057042628526687622e-01 -1.103111878037452698e-01
-7.990556955337524414e-01 -1.099969074130058289e-01 1.012274995446205139e-01
-7.993273138999938965e-01 1.008455306291580200e-01 1.016058027744293213e-01
-7.988732457160949707e-01 -4.353934526443481445e-02 -7.896885275840759277e-02
-7.988265752792358398e-01 8.448648452758789062e-02 -9.747144766151905060e-03
-7.987658381462097168e-01 2.299735555425286293e-03 8.554497361183166504e-02
-7.984675168991088867e-01 -1.022965461015701294e-01 -1.172984763979911804e-02
-7.987696528434753418e-01 2.965609356760978699e-02 -5.051761493086814880e-02
-7.986809611320495605e-01 -3.409694880247116089e-02 2.003750763833522797e-02
7.942098975181579590e-01 -1.134612113237380981e-01 1.059855371713638306e-01
7.983936071395874023e-01 1.014574244618415833e-01 1.070870384573936462e-01
7.991515398025512695e-01 1.020397692918777466e-01 -1.078904494643211365e-01
8.000741600990295410e-01 -1.056512445211410522e-01 -1.066149398684501648e-01
7.993529438972473145e-01 2.270124852657318115e-02 4.960044100880622864e-02
7.999089360237121582e-01 -6.316550821065902710e-02 -4.244099371135234833e-03
7.995020151138305664e-01 -4.134441167116165161e-02 6.447415798902511597e-02
7.994284629821777344e-01 6.884667277336120605e-02 -3.302162140607833862e-02
8.002291917800903320e-01 -1.052062287926673889e-01 -5.744639784097671509e-02
7.998612523078918457e-01 2.384559717029333115e-03 -9.003081917762756348e-02
7.994372844696044922e-01 3.206220688298344612e-03 -2.520743012428283691e-02
