2.377998530864715021e-01 -4.750018417835235596e-01 2.096915543079376776e-01
2.859854102134704590e-01 -5.020997524261474609e-01 -1.807901076972478344e-02
-2.665836177766322396e-02 -4.960843026638031006e-01 -3.032228350639343956e-02
-1.371414810419082919e-01 -4.976061284542083740e-01 1.008265763521194180e-01
8.509950339794153384e-02 -5.081995129585266113e-01 2.771359980106353760e-01
9.945452958345417371e-02 -5.491690635681152344e-01 -1.733284592628478726e-01
4.363321140408513155e-02 -4.939570426940917969e-01 1.202449351549148698e-01
1.848334819078445157e-01 -4.885991513729095459e-01 1.003096774220467030e-01
-2.335092872381210605e-01 -4.739378690719604492e-01 1.127085760235785883e-01
-9.317288547754293271e-02 -4.029960036277770996e-01 2.393800169229507169e-01
-1.147765070199966986e-01 -4.937689602375030518e-01 2.525290250778198242e-01
-2.087671756744384766e-01 -4.003671109676361084e-01 -4.964940622448926061e-02
-1.086447238922118586e-01 -4.624299705028533936e-01 -2.196258157491684238e-01
1.228902712464333136e-01 -4.903225302696228027e-01 -2.359441071748733243e-01
2.377296239137649814e-01 -4.281074702739715576e-01 -1.539457589387893122e-01
2.366648465394973755e-01 -3.624834716320037842e-01 7.128838915377908210e-03
1.243851520121097218e-02 -3.660916686058044434e-01 1.397539675235748638e-02
1.788589060306549350e-01 -3.640324473381042480e-01 -6.321924179792400011e-02
1.210122182965278070e-01 -4.270423650741577148e-01 2.802278995513916016e-01
-7.386605441570281982e-02 -3.679512143135070801e-01 1.744156517088411504e-02
-1.077861860394477567e-01 -3.662804961204528809e-01 -1.434009522199631015e-01
-9.355579316616062513e-02 -3.639361560344696045e-01 1.679396778345107755e-01
2.730262652039523036e-02 -3.655954301357269287e-01 2.212444543838500977e-01
1.185371503233909607e-01 -3.678131997585296631e-01 3.057113662362101469e-02
2.999345660209655762e-01 -4.354417920112609863e-01 7.701522111892707134e-02
1.995692551136016291e-01 -5.635941624641418457e-01 1.931639313697815497e-01
-2.136435508728027621e-01 -5.681598782539367676e-01 7.999517768621440539e-02
-3.719134256243701586e-02 -5.366474986076354980e-01 -1.939268708229064941e-01
2.105034589767456332e-01 -5.441029071807861328e-01 -1.686982363462447565e-01
1.349485665559768677e-01 -4.912902116775512695e-01 -1.191490702331063183e-02
-2.066301703453063687e-01 -5.089803934097290039e-01 -8.332054316997532240e-02
