4.149612970650194341e-03 7.514299154281616211e-01 -7.427107542753220472e-03
4.214443638920784690e-02 7.961148619651794434e-01 4.534840211272238991e-02
3.435025736689567566e-02 7.959817647933959961e-01 1.057675480842589638e-02
3.598654270172119141e-02 7.710459828376770020e-01 -1.284607499837876234e-02
-5.400231108069408585e-03 7.762957811355590820e-01 5.117714032530784607e-02
3.808571025729180770e-02 7.703642249107360840e-01 7.615157216787336869e-02
9.206175059080125289e-02 7.879750132560729980e-01 4.100444540381429498e-02
8.749439567327499390e-02 7.892043590545654297e-01 1.986607164144513910e-02
9.771113842725753784e-02 7.590101957321166992e-01 6.693763192743041289e-03
8.804098516702653365e-02 7.239009737968444824e-01 4.584488645195958917e-02
9.941308945417405563e-02 7.578598260879516602e-01 5.034944042563436334e-02
3.834469988942146995e-02 6.740755438804626465e-01 4.457323253154753945e-02
7.519680541008719535e-03 6.509611010551452637e-01 3.776202350854873657e-02
7.430345285683877254e-03 7.039343714714050293e-01 3.234773874282836914e-02
7.372213900089263916e-02 7.280970215797424316e-01 -5.500392988324181824e-03
8.873437531292454120e-03 7.247032523155212402e-01 6.740280985832214355e-02
1.051890198141337829e-02 6.445925831794738770e-01 6.217188388109207153e-02
2.296575717628003555e-02 6.751899123191833496e-01 6.157752498984336159e-02
5.616603046655656295e-02 7.367765307426452637e-01 7.381997257471083207e-02
-4.304258618503803771e-03 7.396923303604125977e-01 2.477767877280712128e-02
3.342881053686141968e-02 7.310445308685302734e-01 -5.469486117362983880e-03
