1.238101026219143308e-02 5.994693040847778320e-01 -3.593148178055421971e-03
-3.740561848992107752e-02 5.530008077621459961e-01 -1.380065735353908085e-02
-6.511850224158904910e-02 6.079576611518859863e-01 6.622946203309493240e-02
-1.197042179548915009e-01 5.370968580245971680e-01 6.436198237578816261e-02
-1.377483371648060562e-01 4.670045673847198486e-01 3.695691129455225266e-02
-9.460477174273873580e-02 5.164210200309753418e-01 6.881761014684739663e-03
-1.143546568593042378e-01 4.140582978725433350e-01 9.174136363620732926e-02
-8.186925347780493745e-02 3.883063197135925293e-01 1.000567509955436751e-01
-5.303498542220230760e-02 4.334178268909454346e-01 1.489643193213141537e-01
-1.022430778948694163e-01 4.846090078353881836e-01 1.141564771126416522e-01
-8.283165040530016121e-02 5.384083986282348633e-01 1.238829172283713032e-01
-8.621085031799147202e-03 5.303571224212646484e-01 1.648974767811957065e-01
3.382829283121591146e-02 4.688977599143981934e-01 1.277030627309931887e-01
-7.459141219266163247e-02 4.853664338588714600e-01 1.462743599814158024e-01
4.029855046332908586e-02 5.411711931228637695e-01 1.526104378552348706e-01
-1.278047841481333435e-02 6.122186183929443359e-01 1.433505172464211164e-01
-6.109950815805009761e-02 5.996997356414794922e-01 1.286060036271472473e-01
-4.929630187382372242e-02 5.620560646057128906e-01 1.568799872933031025e-01
8.383264330865869418e-02 6.025594472885131836e-01 3.044509950469653781e-02
7.042286767532113245e-02 5.938642024993896484e-01 1.112531216969396830e-01
4.937020637142275348e-02 5.929955840110778809e-01 1.325916439959708981e-01
-1.655322715291784874e-03 6.348351836204528809e-01 8.652551341523251338e-02
4.271983945363677648e-02 6.215116977691650391e-01 7.612738030336929640e-02
8.503708694883149732e-02 5.724862813949584961e-01 -1.723374596239635181e-02
1.026204778921342431e-01 5.376800298690795898e-01 -1.588249694883847596e-02
5.712968306458723888e-02 5.363322496414184570e-01 -4.630347561498168729e-02
-2.573281850402264759e-02 6.143549084663391113e-01 2.907256106464894962e-02
-1.038511237007422316e-01 4.626443088054656982e-01 -2.719235594044189241e-03
-1.020951516787509394e-01 4.091792702674865723e-01 4.007729268332371753e-02
