-1.437860489822924137e-01 5.994693040847778320e-01 -1.129543595016002655e-02
-1.862083114683628082e-01 5.530008077621459961e-01 1.669122837483882904e-02
-1.492144387448206544e-01 6.079576611518859863e-01 9.287703782320022583e-02
-1.891328766942024231e-01 5.370968580245971680e-01 1.301544606685638428e-01
-2.212703078985214233e-01 4.670045673847198486e-01 1.235352680087089539e-01
-2.120295427739620209e-01 5.164210200309753418e-01 7.176181674003601074e-02
-1.659900192171335220e-01 4.140582978725433350e-01 1.457318961620330811e-01
-1.371395029127597809e-01 3.883063197135925293e-01 1.286411136388778687e-01
-8.216772228479385376e-02 4.334178268909454346e-01 1.428350806236267090e-01
-1.415759604424238205e-01 4.846090078353881836e-01 1.530175954103469849e-01
-1.209723763167858124e-01 5.384083986282348633e-01 1.461692750453948975e-01
-3.949590772390365601e-02 5.303571224212646484e-01 1.226961538195610046e-01
-3.578008711338043213e-02 4.688977599143981934e-01 6.637948751449584961e-02
-9.931250661611557007e-02 4.853664338588714600e-01 1.561756879091262817e-01
-1.359274983406066895e-02 5.411711931228637695e-01 7.941649854183197021e-02
-5.767304450273513794e-02 6.122186183929443359e-01 1.104012876749038696e-01
-1.022657044231891632e-01 5.996997356414794922e-01 1.341420561075210571e-01
-7.392685115337371826e-02 5.620560646057128906e-01 1.457886546850204468e-01
-6.919343769550323486e-02 6.025594472885131836e-01 -3.775069490075111389e-02
-2.153567969799041748e-02 5.938642024993896484e-01 2.887134999036788940e-02
-2.133354544639587402e-02 5.929955840110778809e-01 5.884644389152526855e-02
-8.998771756887435913e-02 6.348351836204528809e-01 6.235326826572418213e-02
-6.596232950687408447e-02 6.215116977691650391e-01 2.362269908189773560e-02
-1.020558029413223267e-01 5.724862813949584961e-01 -7.231640070676803589e-02
-8.866699039936065674e-02 5.376800298690795898e-01 -8.379425853490829468e-02
-1.423447211273014545e-01 5.363322496414184570e-01 -7.313828915357589722e-02
-1.476384513080120087e-01 6.143549084663391113e-01 3.875325620174407959e-02
-2.253566309809684753e-01 4.626443088054656982e-01 7.151104509830474854e-02
-1.938532553613185883e-01 4.091792702674865723e-01 1.005311012268066406e-01
