4.283083844564661291e-01 6.379131300304603513e-01 -3.217011317610740662e-02
4.663285290118501791e-01 6.581572093278715840e-01 -5.330767109990119934e-02
4.130504036931057499e-01 6.740590885583372938e-01 -6.461854279041290283e-02
4.678972504916463215e-01 6.222799422230091970e-01 -2.072110027074813843e-02
5.006506828003964849e-01 6.071287194250998276e-01 -7.346783578395843506e-02
5.058424421465925747e-01 6.073806469394060770e-01 -1.976583525538444519e-02
4.064853472636018594e-01 6.368318842605544816e-01 -1.322673410177230835e-01
4.439092087531708586e-01 6.188294588198157697e-01 -1.269935816526412964e-01
4.415529365439345710e-01 6.370933843776649397e-01 -8.144035190343856812e-02
4.741843589966898698e-01 5.963844342523407782e-01 -4.363324865698814392e-02
4.355480854785378497e-01 6.112478625684749645e-01 -4.992431402206420898e-02
4.659634319428729299e-01 5.984889264612380799e-01 -9.525173157453536987e-02
3.815818812594926612e-01 6.538495907495374126e-01 -7.313324511051177979e-02
4.224218606662386577e-01 6.029879338753847406e-01 -1.027680858969688416e-01
4.002467392436521720e-01 6.235530457124092152e-01 -3.516994044184684753e-02
5.236365594263092671e-01 5.970654877999506116e-01 -6.535113602876663208e-02
5.219041369555204035e-01 5.933631585419685273e-01 -3.450790420174598694e-02
