-5.538468477025784154e-01 5.325738869846219359e-01 -3.217011317610740662e-02
-5.671812457735327939e-01 5.735317689995689250e-01 -5.330767109990119934e-02
-5.920931897848475955e-01 5.238243885937095001e-01 -6.461854279041290283e-02
-5.315766280555425105e-01 5.688466360006785294e-01 -2.072110027074813843e-02
-5.109680119289499167e-01 5.984714889892828182e-01 -7.346783578395843506e-02
-5.103145725465818572e-01 6.036281207856823983e-01 -1.976583525538444519e-02
-5.565715591340376633e-01 5.108946336203175065e-01 -1.322673410177230835e-01
-5.323440449107632588e-01 5.446238554942581800e-01 -1.269935816526412964e-01
-5.507396634358885379e-01 5.454748776999416293e-01 -8.144035190343856812e-02
-5.049827851607928686e-01 5.705415216005249590e-01 -4.363324865698814392e-02
-5.263295237085001688e-01 5.350732257802697234e-01 -4.992431402206420898e-02
-5.084828544993147403e-01 5.628109298477568245e-01 -9.525173157453536987e-02
-5.776551705767154488e-01 4.893246000865865142e-01 -7.313324511051177979e-02
-5.204744266429752741e-01 5.207120957633755154e-01 -1.027680858969688416e-01
-5.445777784321066406e-01 5.024449577061353978e-01 -3.516994044184684753e-02
-4.970662074049185808e-01 6.193606974694265688e-01 -6.535113602876663208e-02
-4.937209567234712715e-01 6.170116915897203569e-01 -3.450790420174598694e-02
