-4.938837094611443490e-01 1.977056115865707397e-01 1.747646504120012878e-01
-4.925873844747670205e-01 1.598822027444839478e-01 1.605115945305115588e-01
-4.732323266386373462e-01 1.715416610240936279e-01 2.007408371320877905e-01
-4.957080804584670375e-01 1.752861291170120239e-01 1.857810982204846084e-01
-4.862715117933653630e-01 1.471313238143920898e-01 1.811972962251253705e-01
-4.809241805666779612e-01 1.994455307722091675e-01 1.926032529792429671e-01
-4.855251815894163769e-01 1.886450350284576416e-01 1.505669822758406440e-01
-4.813615299865929842e-01 1.435357779264450073e-01 1.489052536826136475e-01
-4.946934567843399577e-01 -1.403670012950897217e-01 1.614131273897854157e-01
-5.008333838731466869e-01 -1.555246263742446899e-01 1.897786597602824088e-01
-5.024442404256141970e-01 -1.863872110843658447e-01 1.678201456163854743e-01
-4.911725457328195432e-01 -1.841342598199844360e-01 1.958973209177905517e-01
-4.868867583139930844e-01 -2.036190181970596313e-01 1.612559464572669299e-01
-4.937885897540326141e-01 -1.686906814575195312e-01 1.513047902770452424e-01
-4.852161067004168160e-01 -1.518505066633224487e-01 1.419016926066625217e-01
-4.850637540764388689e-01 -1.872400492429733276e-01 1.438389204097951790e-01
