-0.3845894 -0.7231539 0.1152497 
-0.3463387 -0.7112938 0.1524698 
-0.4391236 -0.7365452 0.05555838 
-0.4358024 -0.7297418 0.0804584 
-0.3421743 -0.7868474 0.1531586 
-0.3413091 -0.7921218 0.1419615 
-0.3709527 -0.6990221 0.07115874 
-0.2680222 -0.7329254 0.2124102 
-0.2692257 -0.7948987 0.07061548 
-0.2546652 -0.783861 0.0637274 
-0.213946 -0.7555056 0.2194342 
-0.4493854 -0.783842 0.06693246 
-0.4345954 -0.7952386 0.08930879 
-0.2209313 -0.7973655 0.1828524 
-0.2226463 -0.7953966 0.1252335 
-0.4206407 -0.7552286 0.1084376 
-0.4080474 -0.7107763 0.05661356 
-0.299017 -0.7855607 0.1113447 
-0.2462695 -0.7024316 0.1961932 
-0.384594 -0.7945505 -0.1134137 
-0.3635736 -0.7536878 -0.07903934 
-0.2512456 -0.716742 0.06091176 
-0.2759735 -0.7851796 0.1742491 
-0.3550486 -0.7805322 -0.09632298 
-0.4689955 -0.7906379 -0.06980724 
-0.2072887 -0.7079759 0.1533956 
-0.3833311 -0.7827103 -0.07200952 
-0.3980045 -0.7900944 0.1161725 
-0.2085191 -0.7233058 0.1970092 
-0.355174 -0.7945433 -0.02403004 
-0.4451342 -0.7819455 -0.0201718 
-0.3859856 -0.7853535 0.0619811 
-0.4600603 -0.7954464 -0.08243497 
-0.3725445 -0.7720836 -0.03121615 
-0.315542 -0.7944531 -0.008440671 
-0.4294243 -0.7401574 -0.01672881 
-0.3742413 -0.7674171 -0.01780116 
-0.4393859 -0.7563489 -0.06423949 
-0.2107685 -0.781388 0.2167446 
-0.3093235 -0.759423 -0.03446277 
-0.3374173 -0.7349602 -0.03031526 
-0.4476406 -0.7582736 0.07111707 
-0.3852385 -0.7798473 -0.02473851 
-0.3035755 -0.7298812 -0.01895101 
-0.2567481 -0.7949484 0.2053964 
-0.2829264 -0.7870042 -0.001853164 
-0.1894216 -0.7772774 0.1963713 
-0.3103719 -0.7603059 0.1900844 
-0.3134972 -0.7050564 0.1761741 
-0.2104032 -0.7135019 0.1080879 
-0.3769625 -0.7121091 0.01288213 
-0.2191371 -0.7463465 0.1082737 
-0.3451785 -0.7151573 0.01399445 
-0.3313296 -0.7120035 5.90955e-05 
-0.4208384 -0.7570273 0.01985374 
-0.4844673 -0.7504181 0.01205918 
-0.3906993 -0.7229357 0.001574521 
-0.3968483 -0.7932191 0.02280496 
-0.2385907 -0.789434 0.1546018 
-0.3096569 -0.69524 0.04836125 
-0.185239 -0.7808257 0.1622322 
-0.3586011 -0.758552 0.1417548 
-0.4993402 -0.7845345 -0.001421769 
-0.4222763 -0.787984 0.03922152 
-0.2874321 -0.7256818 0.02056281 
-0.2441605 -0.7883469 0.2175715 
-0.2886775 -0.7879627 0.2042679 
-0.3920425 -0.7177672 0.0456359 
-0.2669744 -0.7683746 0.03854641 
-0.4148951 -0.741731 0.03817269 