-0.4664718 0.3381044 -0.5592061 
-0.4585792 0.3298441 -0.5462852 
-0.4430065 0.3987527 -0.5324287 
-0.5177999 0.2555555 -0.5352361 
-0.5137064 0.3278553 -0.5247599 
-0.4679874 0.3194406 -0.550489 
-0.5070059 0.2535717 -0.5284953 
-0.5244245 0.2777544 -0.5186589 
-0.4788822 0.3459921 -0.5160478 
-0.4608763 0.3822916 -0.507858 
-0.543708 0.3372976 -0.4565585 
-0.4959054 0.3536868 -0.5171927 
-0.4471403 0.4158103 -0.5153056 
-0.4988028 0.2798512 -0.4736108 
-0.5283915 0.2448825 -0.5049502 
-0.5552184 0.2796766 -0.4578713 
-0.4975846 0.3924692 -0.5030004 
-0.5046025 0.4103752 -0.4762439 
-0.4739381 0.4003614 -0.4504577 
-0.5069574 0.3062279 -0.4779039 
-0.4947736 0.3568226 -0.466541 
-0.5512677 0.2588038 -0.4518765 
-0.5152565 0.358691 -0.4564688 
-0.4979126 0.2985621 -0.4452266 
-0.5452011 0.3041911 -0.4574078 
-0.5130704 0.4098431 -0.4412766 
-0.5303611 0.3625291 -0.4466665 
-0.482271 0.3228546 -0.4503681 
-0.5250624 0.2468713 -0.4485888 
-0.5540431 0.3011061 -0.4347958 
-0.5363103 0.3883916 -0.433812 
-0.5076278 0.2517583 -0.4377028 
-0.4715003 0.383139 -0.4553547 
-0.4682004 0.3998079 -0.4240772 
-0.5428773 0.2413482 -0.4218579 
-0.5566494 0.2585465 -0.4241449 
-0.5447876 0.3560031 -0.4132965 
-0.4449131 0.4702307 -0.44723 
-0.5173616 0.4122595 -0.4146216 
-0.4716609 0.4791304 -0.4322717 
-0.4916767 0.2734898 -0.4392114 
-0.5624495 0.2971176 -0.3970999 
-0.4438014 0.4502155 -0.4136823 
-0.4751408 0.4148204 -0.4228635 
-0.4795165 0.2790293 -0.3882503 
-0.5002329 0.4213632 -0.4143046 
-0.4258647 0.4872602 -0.440473 
-0.5629803 0.3325529 -0.4111117 
-0.4743972 0.4682246 -0.4009544 
-0.5617532 0.267204 -0.3712774 
-0.5436323 0.3963771 -0.3776271 
-0.5030589 0.4431862 -0.3948598 
-0.4792906 0.3393496 -0.42073 
-0.447116 0.4265753 -0.3887066 
-0.4649757 0.4412026 -0.3794164 
-0.4669815 0.3179994 -0.3859306 
-0.4525873 0.395726 -0.3996717 
-0.5165651 0.4407277 -0.3911607 
-0.462529 0.3707919 -0.3892182 
-0.5558342 0.3135843 -0.3449848 
-0.488858 0.4402558 -0.3660685 
-0.5213557 0.2456382 -0.3721126 
-0.5111288 0.4355116 -0.3584051 
-0.4970224 0.255373 -0.3985631 
-0.4454671 0.3972707 -0.3535127 
-0.4688673 0.4154971 -0.3369144 
-0.548498 0.3660171 -0.3584475 
-0.5461248 0.3418537 -0.3275909 
-0.5084318 0.4130462 -0.3300757 
-0.5325743 0.4011107 -0.3416457 