0.582687 0.4113219 -0.4042752 
0.5100378 0.4535765 -0.4315399 
0.5031194 0.4638094 -0.4218967 
0.5417776 0.4741437 -0.395817 
0.5588151 0.4072168 -0.4301758 
0.5967194 0.3596502 -0.3600151 
0.5491493 0.4425034 -0.4001573 
0.4728779 0.5296861 -0.3879911 
0.4888333 0.5147121 -0.3953377 
0.5574887 0.3594919 -0.3661638 
0.5190974 0.4615978 -0.3769311 
0.5442699 0.4182473 -0.3639747 
0.5522769 0.386735 -0.3701178 
0.495144 0.4904855 -0.3662884 
0.5304968 0.5086796 -0.3511768 
0.5636726 0.4119908 -0.3621294 
0.4896474 0.5139181 -0.3476816 
0.5403317 0.3551438 -0.3434451 
0.5847674 0.4319336 -0.3376487 
0.5309575 0.4571005 -0.3405211 
0.5545353 0.4661303 -0.3456304 
0.58335 0.4073184 -0.3433615 
0.5250743 0.4240335 -0.3536232 
0.4994733 0.4584951 -0.3218905 
0.5402082 0.3335953 -0.3151157 
0.5008926 0.4965216 -0.3058896 
0.4752904 0.5409011 -0.3366797 
0.561831 0.3285443 -0.3330973 
0.536724 0.3821766 -0.3361596 
0.6091936 0.3796073 -0.27981 
0.6013287 0.3903499 -0.3428002 
0.5652909 0.4559675 -0.3132082 
0.6093736 0.3554617 -0.3236407 
0.5129827 0.4188976 -0.3082833 
0.5973791 0.4211621 -0.2977682 
0.5561207 0.4836733 -0.2839771 
0.5208626 0.3112161 -0.2789102 
0.4807948 0.482547 -0.2759214 
0.5022076 0.3567822 -0.2660058 
0.4842627 0.5308783 -0.2876546 
0.5576351 0.3059354 -0.2673956 
0.5762468 0.3136606 -0.2851428 
0.6004307 0.3402846 -0.2732387 
0.4936508 0.450293 -0.2827421 
0.4928106 0.3971027 -0.2633819 
0.5920903 0.3971754 -0.2498797 
0.5764817 0.4406944 -0.2561545 
0.4769439 0.4323058 -0.2550593 
0.5764482 0.3165993 -0.2511754 
0.5138071 0.5173566 -0.2812883 
0.5763027 0.357123 -0.2097901 
0.4720808 0.4772902 -0.2480452 
0.5514969 0.4592124 -0.2293131 
0.5284851 0.4974057 -0.2468614 
0.5913478 0.3400786 -0.2307684 
0.4903606 0.4885755 -0.2253493 
0.5736604 0.4077663 -0.2163845 
0.4704111 0.3913162 -0.2239411 
0.4632965 0.3986641 -0.2109323 
0.5286202 0.473625 -0.2077705 
0.5523984 0.3878842 -0.1858321 
0.5066931 0.4802082 -0.2164862 
0.4832133 0.4514689 -0.2119566 
0.5946371 0.3137738 -0.2139201 
0.5283195 0.4490352 -0.1916346 
0.5767999 0.369491 -0.171677 
0.5017521 0.4115417 -0.1828533 
0.5444736 0.3958691 -0.153154 
0.5173694 0.4138696 -0.174293 
0.5320801 0.4916256 -0.2824429 