0.2047281 -0.7369188 0.02617597 
0.2752385 -0.7350388 0.03544487 
0.3455614 -0.7310459 0.09061141 
0.1804653 -0.7047498 0.2492177 
0.1901802 -0.7655231 0.06687716 
0.3451538 -0.7979574 0.09749798 
0.2070191 -0.7317734 0.06025849 
0.1456823 -0.7894598 0.1755208 
0.2684973 -0.7050921 0.0744716 
0.3102615 -0.7288619 0.04763629 
0.1686743 -0.7937247 0.2521568 
0.3664449 -0.7702436 0.09405099 
0.2456485 -0.6863188 0.1083981 
0.1633237 -0.7065993 0.1550773 
0.3800083 -0.7962587 0.06588478 
0.4048072 -0.7916294 0.02581071 
0.1838375 -0.7917505 0.1153079 
0.199312 -0.7436225 0.2697123 
0.1835659 -0.7207049 0.1089196 
0.2022041 -0.7863871 0.2736497 
0.1344031 -0.7861361 0.1993041 
0.1788276 -0.7786355 0.1116637 
0.1713364 -0.7822894 0.2761396 
0.2882339 -0.7042679 0.1696486 
0.2706851 -0.7255015 0.2168678 
0.297044 -0.7291337 0.1745186 
0.2095256 -0.6877814 0.1175023 
0.2782217 -0.7932261 0.1879865 
0.3129451 -0.712311 0.1029926 
0.2274612 -0.7859751 0.1283172 
0.280163 -0.7794707 -0.08429527 
0.3014009 -0.7943782 0.04997613 
0.3558702 -0.7977154 -0.05258322 
0.2875779 -0.7869289 -0.07093969 
0.3091291 -0.7901328 -0.002826867 
0.2751257 -0.7517151 -0.03543636 
0.3668416 -0.7801341 -0.04201481 
0.329252 -0.7640918 -0.03278762 
0.3804916 -0.7506596 0.05235107 
0.2924071 -0.7899565 0.1431777 
0.3473296 -0.7869996 0.1301423 
0.2165767 -0.7057349 0.07704137 
0.3139621 -0.7285703 0.1432666 
0.2967111 -0.7103423 0.05958395 
0.1872618 -0.7865617 0.224435 
0.238321 -0.77372 -0.02519072 
0.3456295 -0.7470437 -0.01128133 
0.2573552 -0.7521442 -0.04453371 
0.2898756 -0.7776608 -0.04552323 
0.3247537 -0.7949315 0.1492006 
0.3503377 -0.7895309 0.006656528 
0.2820228 -0.7684295 0.007135036 
0.2735758 -0.6992937 0.1100773 
0.2763285 -0.6849424 0.1313845 
0.3375334 -0.7658046 0.05414211 
0.2517126 -0.7914925 0.02174094 
0.3113159 -0.730588 0.0114939 
0.3121521 -0.7199777 0.08736339 
0.2343029 -0.7930457 0.2358574 
0.2464277 -0.7460844 0.2334976 
0.2249131 -0.7859908 0.009294086 
0.2308779 -0.7408026 0.006974695 
0.1577172 -0.7357342 0.2629623 
0.1402616 -0.7701145 0.2571635 
0.207085 -0.792837 0.02586598 
0.256532 -0.7362905 0.01994574 
0.3504272 -0.7405791 0.1171757 
0.2315063 -0.7105845 0.03206971 
0.151229 -0.7089568 0.2038173 
0.2397255 -0.7114849 0.2371535 