0.004988526 0.2685611 -0.4733721 
0.04349898 0.2737125 -0.4748838 
0.03790328 0.2474393 -0.4666716 
0.05640108 0.2649718 -0.4455844 
0.05049372 0.2363273 -0.4408353 
-0.003728282 0.2362918 -0.4373731 
0.08016446 0.234791 -0.4224555 
0.03519185 0.2750806 -0.4481734 
-0.003369159 0.2645007 -0.4507515 
0.08464231 0.2668007 -0.4144034 
0.00121621 0.2826122 -0.4116153 
0.04716075 0.2129557 -0.4044749 
0.04188444 0.2950233 -0.40435 
-8.588519e-06 0.2115548 -0.3921259 
0.02588495 0.2180655 -0.4122413 
-0.03301936 0.2401257 -0.4170732 
0.010383 0.2937346 -0.4134998 
-0.02367277 0.2251864 -0.3917296 
0.09877156 0.2729723 -0.3619928 
0.06606006 0.2075671 -0.3819781 
0.05461717 0.2882669 -0.3845144 
0.02971531 0.2099691 -0.367243 
-0.03313655 0.2190774 -0.3674668 
0.08330222 0.2343581 -0.3949829 
0.04968866 0.3177709 -0.355557 
0.07360272 0.2296446 -0.3768563 
-0.01322703 0.303496 -0.3417564 
0.006518085 0.3058979 -0.3829386 
0.08700431 0.2421647 -0.354917 
0.05706883 0.2203308 -0.3414019 
0.007498242 0.192988 -0.3370406 
-0.04583881 0.2813678 -0.3856275 
-0.0008328711 0.3151766 -0.3519084 
-0.002067603 0.2179746 -0.3502595 
-0.0224073 0.221405 -0.3490801 
-0.03498062 0.3594043 -0.3414497 
0.03119983 0.2025775 -0.3416951 
0.01797773 0.3444796 -0.3425631 
0.08402116 0.3485767 -0.3365093 
0.03792743 0.2152894 -0.3391018 