-2.562724053859710693e-01 -1.782536357641220093e-01 -7.409462332725524902e-01
-2.848531305789947510e-01 1.586205810308456421e-01 -7.408512830734252930e-01
-5.043899267911911011e-02 2.930314242839813232e-01 -7.401353120803833008e-01
2.250963002443313599e-01 -2.216578088700771332e-02 -7.424481511116027832e-01
-4.679265245795249939e-02 -2.224601954221725464e-01 -7.419779896736145020e-01
7.121039927005767822e-02 1.423068642616271973e-01 -7.423672676086425781e-01
-1.266512274742126465e-01 2.079500816762447357e-02 -7.421551346778869629e-01
1.257959306240081787e-01 -1.561153531074523926e-01 -7.411763072013854980e-01
-1.697423905134201050e-01 2.645408511161804199e-01 -7.404112815856933594e-01
5.685311183333396912e-02 5.216327030211687088e-03 -7.407724857330322266e-01
-1.234752610325813293e-01 -8.215138316154479980e-02 -7.639898061752319336e-01
-8.865888416767120361e-02 -2.214603424072265625e-01 -6.451205015182495117e-01
1.009571328759193420e-01 -2.106086313724517822e-01 -6.087591052055358887e-01
3.302807360887527466e-02 -2.150406986474990845e-01 -5.262745022773742676e-01
2.251732945442199707e-01 -9.578719735145568848e-03 -6.051304936408996582e-01
2.078226953744888306e-01 -9.578637778759002686e-02 -5.233541727066040039e-01
2.287066280841827393e-01 1.317884773015975952e-01 -6.890780925750732422e-01
1.791300624608993530e-01 1.713835299015045166e-01 -5.849760770797729492e-01
-1.594406664371490479e-01 2.703700065612792969e-01 -6.903180480003356934e-01
-8.865990489721298218e-02 2.375735789537429810e-01 -5.838790535926818848e-01
3.494762629270553589e-02 2.670049965381622314e-01 -6.561554074287414551e-01
-2.053394168615341187e-01 -1.972373127937316895e-01 -6.796720623970031738e-01
-2.338478416204452515e-01 1.369159519672393799e-01 -6.080316901206970215e-01
-2.839069962501525879e-01 -4.294979386031627655e-03 -6.981368660926818848e-01
-2.222755402326583862e-01 -1.019047200679779053e-01 -5.878143310546875000e-01
5.703128874301910400e-02 -2.318613678216934204e-01 -6.991545557975769043e-01
