-1.513770520687103271e-01 2.809325419366359711e-02 8.010568618774414062e-01
-1.610212773084640503e-01 -6.207306310534477234e-02 8.007299304008483887e-01
-1.647257804870605469e-01 -1.533864736557006836e-01 8.004878759384155273e-01
-1.496638208627700806e-01 -2.512612044811248779e-01 7.999334335327148438e-01
-1.116434633731842041e-01 -3.386879563331604004e-01 7.995298504829406738e-01
-4.105572402477264404e-02 -3.532331883907318115e-01 7.976276874542236328e-01
7.655069977045059204e-02 -3.565036952495574951e-01 7.975986003875732422e-01
1.978051364421844482e-01 -3.419288992881774902e-01 7.936267256736755371e-01
2.709579765796661377e-01 -2.884658575057983398e-01 7.991037368774414062e-01
3.440931141376495361e-01 -1.877118349075317383e-01 7.965439558029174805e-01
3.449178338050842285e-01 -6.216380745172500610e-02 7.996341586112976074e-01
3.404126465320587158e-01 4.430815950036048889e-02 8.001153469085693359e-01
3.034528791904449463e-01 1.139936819672584534e-01 7.943229675292968750e-01
2.361031323671340942e-01 1.390115916728973389e-01 7.965517640113830566e-01
1.423720866441726685e-01 1.421287953853607178e-01 7.976942062377929688e-01
2.750181034207344055e-02 1.461055129766464233e-01 7.978981733322143555e-01
-7.735209167003631592e-02 1.368365734815597534e-01 8.001751899719238281e-01
-1.373493820428848267e-01 1.031217128038406372e-01 7.995384931564331055e-01
