1.545366644859313687e-01 -9.856570512056353484e-02 7.411408275365829468e-01
1.503233164548874179e-01 1.082446724176406583e-01 7.808167338371276855e-01
-6.222324073314670217e-02 -1.657996177673339844e-01 8.046654760837554932e-01
-2.384818643331527710e-01 7.585368119180255393e-03 8.936317861080169678e-01
-4.508091881871219286e-02 1.737208217382431030e-01 7.635168433189392090e-01
-1.799077913165092815e-02 -1.332616247236728321e-02 8.762200474739074707e-01
1.861386448144912720e-01 -7.288330234587234169e-03 7.247699350118637085e-01
-1.544107496738434393e-01 -2.039440274238586148e-01 7.536901533603668213e-01
-3.346774280071259100e-01 -1.540894657373427512e-01 7.074539363384246826e-01
-3.912643492221832275e-01 3.743134811520585498e-02 7.304347455501556396e-01
-2.859021127223968506e-01 -1.249879077076911232e-01 8.385510444641113281e-01
-2.793580889701842707e-01 1.811646074056625921e-01 6.697506085038185120e-01
-1.934113651514052790e-01 1.888221204280853827e-01 8.088010996580123901e-01
2.459975890815292287e-03 1.550924479961395264e-01 6.602348126471042633e-01
-6.723461300134661589e-02 -1.050084307789802412e-01 8.646622896194458008e-01
-3.276764228940014234e-02 -1.756283789873123169e-01 6.856616139411926270e-01
-7.666229456663128938e-02 1.058339849114418169e-01 8.665280640125274658e-01
-1.508570462465285700e-01 2.046550363302231113e-01 6.686045154929161072e-01
-2.958687841892241877e-01 1.403895467519760687e-01 8.228564560413360596e-01
-3.663415908813476562e-01 -4.197204485535613316e-02 8.104301840066909790e-01
8.041174709796904130e-02 -6.562183797359467941e-02 8.175622522830963135e-01
