-9.856570512056350708e-02 -1.545366644859313965e-01 9.411408156156539917e-01
1.082446724176406860e-01 -1.503233164548873901e-01 9.808167219161987305e-01
-1.657996177673339844e-01 6.222324073314666748e-02 1.004665464162826538e+00
7.585368119180202484e-03 2.384818643331527710e-01 1.093631774187088013e+00
1.737208217382431030e-01 4.508091881871223450e-02 9.635168313980102539e-01
-1.332616247236728668e-02 1.799077913165092468e-02 1.076220035552978516e+00
-7.288330234587192535e-03 -1.861386448144912720e-01 9.247699230909347534e-01
-2.039440274238586426e-01 1.544107496738433838e-01 9.536901414394378662e-01
-1.540894657373428345e-01 3.346774280071258545e-01 9.074539244174957275e-01
3.743134811520576477e-02 3.912643492221832275e-01 9.304347336292266846e-01
-1.249879077076911926e-01 2.859021127223968506e-01 1.038551032543182373e+00
1.811646074056625366e-01 2.793580889701843262e-01 8.697505965828895569e-01
1.888221204280853271e-01 1.934113651514053345e-01 1.008801087737083435e+00
1.550924479961395264e-01 -2.459975890815258026e-03 8.602348007261753082e-01
-1.050084307789802551e-01 6.723461300134658813e-02 1.064662277698516846e+00
-1.756283789873123169e-01 3.276764228940010071e-02 8.856616020202636719e-01
1.058339849114418030e-01 7.666229456663131714e-02 1.066528052091598511e+00
2.046550363302230835e-01 1.508570462465286255e-01 8.686045035719871521e-01
1.403895467519760132e-01 2.958687841892242432e-01 1.022856444120407104e+00
-4.197204485535621643e-02 3.663415908813476562e-01 1.010430172085762024e+00
-6.562183797359466553e-02 -8.041174709796905518e-02 1.017562240362167358e+00
