-9.856570512056350708e-02 -1.545366644859313965e-01 6.411408036947250366e-01
1.082446724176406860e-01 -1.503233164548873901e-01 6.808167099952697754e-01
-1.657996177673339844e-01 6.222324073314666748e-02 7.046654522418975830e-01
7.585368119180202484e-03 2.384818643331527710e-01 7.936317622661590576e-01
1.737208217382431030e-01 4.508091881871223450e-02 6.635168194770812988e-01
-1.332616247236728668e-02 1.799077913165092468e-02 7.762200236320495605e-01
-7.288330234587192535e-03 -1.861386448144912720e-01 6.247699111700057983e-01
-2.039440274238586426e-01 1.544107496738433838e-01 6.536901295185089111e-01
-1.540894657373428345e-01 3.346774280071258545e-01 6.074539124965667725e-01
3.743134811520576477e-02 3.912643492221832275e-01 6.304347217082977295e-01
-1.249879077076911926e-01 2.859021127223968506e-01 7.385510206222534180e-01
1.811646074056625366e-01 2.793580889701843262e-01 5.697505846619606018e-01
1.888221204280853271e-01 1.934113651514053345e-01 7.088010758161544800e-01
1.550924479961395264e-01 -2.459975890815258026e-03 5.602347888052463531e-01
-1.050084307789802551e-01 6.723461300134658813e-02 7.646622657775878906e-01
-1.756283789873123169e-01 3.276764228940010071e-02 5.856615900993347168e-01
1.058339849114418030e-01 7.666229456663131714e-02 7.665280401706695557e-01
2.046550363302230835e-01 1.508570462465286255e-01 5.686044916510581970e-01
1.403895467519760132e-01 2.958687841892242432e-01 7.228564321994781494e-01
-4.197204485535621643e-02 3.663415908813476562e-01 7.104301601648330688e-01
-6.562183797359466553e-02 -8.041174709796905518e-02 7.175622284412384033e-01
