-1.446873974055051804e-02 5.125820636749267578e-01 -5.084246397018432617e-02
-4.447882249951362610e-02 5.128962993621826172e-01 -5.605091154575347900e-02
1.194413751363754272e-01 5.740550160408020020e-01 -6.327404081821441650e-02
9.024924039840698242e-02 5.885678529739379883e-01 -3.808553889393806458e-02
1.076795384287834167e-01 6.253094673156738281e-01 -4.855347052216529846e-02
8.831632882356643677e-02 6.527791619300842285e-01 -3.973840922117233276e-02
7.997693866491317749e-02 6.331189870834350586e-01 -3.771625831723213196e-02
6.873320043087005615e-02 6.841899752616882324e-01 -6.815693527460098267e-02
5.678413808345794678e-02 6.646730303764343262e-01 -3.633316233754158020e-02
4.216487333178520203e-02 6.982423067092895508e-01 -5.783554166555404663e-02
-1.268707867711782455e-02 6.961606740951538086e-01 -4.310701414942741394e-02
1.644217222929000854e-02 6.979487538337707520e-01 -4.489079490303993225e-02
-5.294858291745185852e-02 6.729874610900878906e-01 -4.006772488355636597e-02
-1.690401986707001925e-04 6.743339300155639648e-01 -4.782154783606529236e-02
-7.010498642921447754e-02 6.417869329452514648e-01 -4.627969115972518921e-02
-5.598221346735954285e-02 5.505783557891845703e-01 -6.353539973497390747e-02
-8.414042741060256958e-02 5.581751465797424316e-01 -4.936984553933143616e-02
-7.823935896158218384e-02 5.922544598579406738e-01 -5.145603418350219727e-02
-9.146613627672195435e-02 6.191613078117370605e-01 -4.488022252917289734e-02
-4.659255221486091614e-02 6.918616294860839844e-01 -5.605840310454368591e-02
-8.417237550020217896e-02 6.607504487037658691e-01 -5.873877182602882385e-02
-9.969110041856765747e-02 5.911639928817749023e-01 -5.421489104628562927e-02
-3.587869405746459961e-01 4.467311799526214600e-01 -7.511626183986663818e-02
-3.840104341506958008e-01 4.549661576747894287e-01 -3.105644136667251587e-02
-3.890849351882934570e-01 4.804997146129608154e-01 -6.056579202413558960e-02
-4.310462772846221924e-01 4.842735230922698975e-01 -3.528840094804763794e-02
-4.433924853801727295e-01 5.048397779464721680e-01 -5.428584292531013489e-02
-4.868456721305847168e-01 5.034596920013427734e-01 -6.161095574498176575e-02
-5.016167759895324707e-01 4.812297224998474121e-01 -3.742840513586997986e-02
-5.287704467773437500e-01 4.819824695587158203e-01 -5.760942399501800537e-02
-5.306946039199829102e-01 4.419575035572052002e-01 -5.221368372440338135e-02
-5.497568845748901367e-01 4.121454954147338867e-01 -4.590738564729690552e-02
-4.290923178195953369e-01 3.419890403747558594e-01 -6.043129786849021912e-02
-4.565477073192596436e-01 3.259387016296386719e-01 -5.554736778140068054e-02
-5.025381445884704590e-01 3.335596024990081787e-01 -5.260539799928665161e-02
-5.105592012405395508e-01 3.519621491432189941e-01 -6.524512916803359985e-02
-5.393285751342773438e-01 3.598333299160003662e-01 -5.207890644669532776e-02
-5.369448661804199219e-01 3.905562460422515869e-01 -6.224461272358894348e-02
-5.574275255203247070e-01 4.408911168575286865e-01 -6.467168778181076050e-02
-6.478366255760192871e-01 6.184771656990051270e-02 -6.887353956699371338e-02
-6.684240698814392090e-01 3.502647206187248230e-02 -3.522418439388275146e-02
-6.920620799064636230e-01 4.319613799452781677e-02 -5.093623697757720947e-02
-7.147576212882995605e-01 2.456554211676120758e-02 -5.331375822424888611e-02
-7.152854800224304199e-01 -8.335309103131294250e-03 -3.819985315203666687e-02
-7.370928525924682617e-01 -8.746054023504257202e-03 -5.148385465145111084e-02
-7.426495552062988281e-01 -4.788209870457649231e-02 -5.052725970745086670e-02
-5.713433027267456055e-01 -6.582406163215637207e-02 -6.418342143297195435e-02
-5.857192873954772949e-01 -1.131611764430999756e-01 -5.199580267071723938e-02
-6.175974607467651367e-01 -1.189782172441482544e-01 -7.509063184261322021e-02
-6.363040804862976074e-01 -1.397922784090042114e-01 -5.068226903676986694e-02
-6.636493802070617676e-01 -1.278195679187774658e-01 -5.755388364195823669e-02
-6.994040608406066895e-01 -1.342397928237915039e-01 -4.998810216784477234e-02
-7.261821031570434570e-01 -1.047801524400711060e-01 -4.973618313670158386e-02
-7.389628887176513672e-01 -7.491202652454376221e-02 -5.084310844540596008e-02
-7.134791016578674316e-01 -7.756571471691131592e-02 -5.588836595416069031e-02
-6.683083772659301758e-01 -1.537767201662063599e-01 -6.177490204572677612e-02
-5.520355105400085449e-01 -5.638404488563537598e-01 -5.826763063669204712e-02
-4.630295038223266602e-01 -4.286431074142456055e-01 -6.526678800582885742e-02
-4.310177862644195557e-01 -4.294483661651611328e-01 -5.747853964567184448e-02
-4.058058261871337891e-01 -4.532584547996520996e-01 -7.237891852855682373e-02
-3.829778134822845459e-01 -4.481526911258697510e-01 -5.758600309491157532e-02
-3.759221136569976807e-01 -4.952586889266967773e-01 -5.932801589369773865e-02
-3.655883669853210449e-01 -5.169746279716491699e-01 -5.148692056536674500e-02
-3.841368257999420166e-01 -5.498645305633544922e-01 -5.917792022228240967e-02
-3.773242533206939697e-01 -5.718356370925903320e-01 -5.051586031913757324e-02
-4.128742516040802002e-01 -5.830463767051696777e-01 -5.880265310406684875e-02
-5.374194979667663574e-01 -5.616504549980163574e-01 -3.309576958417892456e-02
-5.376608967781066895e-01 -5.821763873100280762e-01 -5.459294095635414124e-02
-4.953134953975677490e-01 -5.981621742248535156e-01 -3.715879842638969421e-02
-5.011026859283447266e-01 -6.088535785675048828e-01 -5.919868499040603638e-02
-5.173060297966003418e-01 -5.838767290115356445e-01 -3.570081293582916260e-02
-4.669975340366363525e-01 -6.201047301292419434e-01 -5.898238718509674072e-02
-4.528402686119079590e-01 -5.924313068389892578e-01 -5.957924947142601013e-02
-4.415369331836700439e-01 -6.158733367919921875e-01 -5.282436683773994446e-02
-4.094905257225036621e-01 -6.042858362197875977e-01 -5.388138070702552795e-02
-9.382225573062896729e-02 -7.506636977195739746e-01 -5.466005578637123108e-02
1.482130493968725204e-03 -6.322345733642578125e-01 -5.612277612090110779e-02
6.370950490236282349e-02 -6.390479207038879395e-01 -5.363600328564643860e-02
3.513291478157043457e-02 -6.417992711067199707e-01 -5.918213725090026855e-02
-6.355014443397521973e-02 -7.776928544044494629e-01 -5.316304787993431091e-02
-6.731402128934860229e-02 -7.413619160652160645e-01 -4.801891371607780457e-02
-3.430846333503723145e-02 -7.930573821067810059e-01 -5.458566918969154358e-02
-1.853235065937042236e-02 -7.713831663131713867e-01 -4.394347220659255981e-02
1.231150887906551361e-02 -7.950446605682373047e-01 -5.086798593401908875e-02
3.145493939518928528e-02 -7.649457454681396484e-01 -4.689125344157218933e-02
5.119073763489723206e-02 -7.738761901855468750e-01 -4.634767398238182068e-02
8.585075289011001587e-02 -7.182819843292236328e-01 -4.639299958944320679e-02
6.081558763980865479e-02 -7.379083633422851562e-01 -5.291301384568214417e-02
8.013824373483657837e-02 -6.830123066902160645e-01 -4.838738963007926941e-02
7.745879888534545898e-02 -7.404528856277465820e-01 -4.444459453225135803e-02
3.952636420726776123e-01 -5.988234281539916992e-01 -5.810400471091270447e-02
4.058748483657836914e-01 -5.921097993850708008e-01 -3.767044097185134888e-02
4.424524903297424316e-01 -6.199954748153686523e-01 -7.357460260391235352e-02
4.463767409324645996e-01 -5.931910276412963867e-01 -4.814327508211135864e-02
4.755774736404418945e-01 -6.171447634696960449e-01 -6.257066130638122559e-02
4.962078928947448730e-01 -5.928959846496582031e-01 -4.524280130863189697e-02
5.232546925544738770e-01 -5.958744883537292480e-01 -6.645504385232925415e-02
4.099287390708923340e-01 -4.479881525039672852e-01 -6.511119753122329712e-02
4.535687267780303955e-01 -4.203427135944366455e-01 -6.523007154464721680e-02
4.793568849563598633e-01 -4.438231885433197021e-01 -6.229441985487937927e-02
5.073797106742858887e-01 -4.509151279926300049e-01 -5.298285558819770813e-02
5.174024701118469238e-01 -4.697996377944946289e-01 -6.235567107796669006e-02
5.351854562759399414e-01 -5.195674896240234375e-01 -5.910539254546165466e-02
5.186626315116882324e-01 -5.608776807785034180e-01 -5.732543021440505981e-02
5.322984457015991211e-01 -5.681468844413757324e-01 -4.558459296822547913e-02
5.380643010139465332e-01 -4.899708032608032227e-01 -5.260605365037918091e-02
5.583230257034301758e-01 -5.354803204536437988e-01 -6.062228232622146606e-02
5.419901609420776367e-01 -4.647799730300903320e-01 -6.117897480726242065e-02
7.089437842369079590e-01 -1.233108565211296082e-01 -6.219904497265815735e-02
5.712842345237731934e-01 -3.456114605069160461e-02 -6.862434744834899902e-02
5.718411803245544434e-01 -9.240118379238992929e-05 -5.421168357133865356e-02
6.012380123138427734e-01 1.475507114082574844e-02 -6.485012173652648926e-02
6.267718672752380371e-01 4.673895612359046936e-02 -5.049039795994758606e-02
6.500995755195617676e-01 3.273415938019752502e-02 -5.731597915291786194e-02
7.053381204605102539e-01 -1.085150539875030518e-01 -3.266753628849983215e-02
7.287540435791015625e-01 -9.944748133420944214e-02 -7.307548075914382935e-02
7.307664752006530762e-01 -7.927318662405014038e-02 -3.679544851183891296e-02
7.464622855186462402e-01 -3.567617759108543396e-02 -6.333035975694656372e-02
7.295913696289062500e-01 -2.160903811454772949e-02 -3.779337927699089050e-02
7.244948148727416992e-01 -4.786402359604835510e-02 -3.948625177145004272e-02
6.932585835456848145e-01 1.482674572616815567e-02 -5.419880524277687073e-02
6.813455820083618164e-01 3.587593883275985718e-02 -4.590405896306037903e-02
7.334519028663635254e-01 4.814893007278442383e-03 -5.379305779933929443e-02
7.150578498840332031e-01 3.244286030530929565e-02 -6.687383353710174561e-02
6.545567512512207031e-01 5.765651538968086243e-02 -6.082736700773239136e-02
6.853089332580566406e-01 5.098009109497070312e-02 -6.215852499008178711e-02
9.575934708118438721e-02 -6.723307967185974121e-01 -6.879246979951858521e-02
5.532320737838745117e-01 4.168413579463958740e-01 -5.747841671109199524e-02
4.480369985103607178e-01 3.318524658679962158e-01 -5.931350216269493103e-02
3.994202911853790283e-01 3.425554335117340088e-01 -5.227629095315933228e-02
3.877677023410797119e-01 3.737696707248687744e-01 -6.285078078508377075e-02
3.622936904430389404e-01 3.740284144878387451e-01 -5.353346467018127441e-02
3.651200830936431885e-01 4.140567779541015625e-01 -4.714141413569450378e-02
3.745090961456298828e-01 4.367141425609588623e-01 -5.506730079650878906e-02
3.620299994945526123e-01 4.513132572174072266e-01 -4.513160511851310730e-02
3.969354629516601562e-01 4.671529531478881836e-01 -5.905231460928916931e-02
3.854502439498901367e-01 4.812645912170410156e-01 -4.527596011757850647e-02
5.188315510749816895e-01 4.242516160011291504e-01 -6.621886789798736572e-02
5.361598730087280273e-01 4.319781064987182617e-01 -3.215019032359123230e-02
5.413058996200561523e-01 4.608873724937438965e-01 -7.077337801456451416e-02
5.154971480369567871e-01 4.548225998878479004e-01 -3.623504564166069031e-02
5.095874071121215820e-01 4.717387259006500244e-01 -3.500781208276748657e-02
4.753856658935546875e-01 4.823930561542510986e-01 -4.517451673746109009e-02
4.595380127429962158e-01 4.935320019721984863e-01 -3.845742717385292053e-02
4.171107709407806396e-01 4.877151846885681152e-01 -4.371200129389762878e-02
4.263889789581298828e-01 4.804901778697967529e-01 -6.708829104900360107e-02
4.846024215221405029e-01 5.016086697578430176e-01 -5.377294123172760010e-02
4.294037818908691406e-01 5.089349746704101562e-01 -5.450755730271339417e-02
-5.120736360549926758e-01 -5.713067054748535156e-01 -5.866607651114463806e-02
-1.790498732589185238e-03 -7.634640932083129883e-01 -6.715848296880722046e-02
4.206445515155792236e-01 -5.786111354827880859e-01 -6.358138471841812134e-02
4.733674526214599609e-01 -5.842674970626831055e-01 -7.261365652084350586e-02
7.032038569450378418e-01 -8.373970538377761841e-02 -6.206572055816650391e-02
4.195693433284759521e-01 -4.395709335803985596e-01 -8.006711304187774658e-02
4.922202825546264648e-01 -4.411141574382781982e-01 -7.983317971229553223e-02
5.458761453628540039e-01 -4.988510906696319580e-01 -7.930609583854675293e-02
5.308706760406494141e-01 -5.591120123863220215e-01 -8.016341179609298706e-02
4.871161878108978271e-01 -6.013470888137817383e-01 -7.983797043561935425e-02
4.285619258880615234e-01 -5.959809422492980957e-01 -7.947047054767608643e-02
7.010361552238464355e-01 -1.005748510360717773e-01 -7.911993563175201416e-02
7.242422103881835938e-01 -4.775708541274070740e-02 -7.921286672353744507e-02
7.151762247085571289e-01 -5.963004659861326218e-03 -7.984907180070877075e-02
6.851002573966979980e-01 3.204457834362983704e-02 -7.978370040655136108e-02
6.494241356849670410e-01 4.797891527414321899e-02 -8.010823279619216919e-02
6.113187074661254883e-01 3.436932340264320374e-02 -8.102793991565704346e-02
5.743151307106018066e-01 -4.751579544972628355e-04 -7.923459261655807495e-02
5.185825824737548828e-01 4.492239356040954590e-01 -8.107610046863555908e-02
4.263603985309600830e-01 3.327144682407379150e-01 -7.961668819189071655e-02
3.862678110599517822e-01 3.493852615356445312e-01 -7.932890951633453369e-02
3.569947481155395508e-01 3.883251845836639404e-01 -7.986456155776977539e-02
3.597088754177093506e-01 4.385554492473602295e-01 -8.078154176473617554e-02
3.910277485847473145e-01 4.755649864673614502e-01 -8.010649681091308594e-02
4.457585215568542480e-01 5.038427710533142090e-01 -7.958402484655380249e-02
4.978058636188507080e-01 4.772526621818542480e-01 -8.018656075000762939e-02
1.020359769463539124e-01 5.720692276954650879e-01 -7.738391309976577759e-02
-3.140263259410858154e-02 5.120543837547302246e-01 -7.826872169971466064e-02
-7.650003582239151001e-02 5.496190190315246582e-01 -7.848782092332839966e-02
-8.484498411417007446e-02 6.142691373825073242e-01 -7.895773649215698242e-02
-5.176896974444389343e-02 6.622997522354125977e-01 -7.923491299152374268e-02
-2.711004810407757759e-03 6.974531412124633789e-01 -7.893247902393341064e-02
3.415562212467193604e-02 6.730356812477111816e-01 -7.912769913673400879e-02
7.859417051076889038e-02 6.611238718032836914e-01 -7.968760281801223755e-02
9.204998612403869629e-02 6.203680634498596191e-01 -7.865824550390243530e-02
-3.862963616847991943e-01 4.360325038433074951e-01 -7.779737561941146851e-02
-4.472548663616180420e-01 3.287738263607025146e-01 -7.840838283300399780e-02
-4.956926107406616211e-01 3.258399665355682373e-01 -7.928412407636642456e-02
-5.400174260139465332e-01 3.554192781448364258e-01 -7.935445010662078857e-02
-5.483526587486267090e-01 4.085488915443420410e-01 -7.886426150798797607e-02
-5.329256057739257812e-01 4.483380019664764404e-01 -8.002815395593643188e-02
-4.943147599697113037e-01 4.861489534378051758e-01 -8.054821193218231201e-02
-4.384213089942932129e-01 4.971451461315155029e-01 -7.904801517724990845e-02
-3.991726636886596680e-01 4.671979546546936035e-01 -7.814037799835205078e-02
9.375081397593021393e-03 -6.352458596229553223e-01 -8.077267557382583618e-02
-7.463265955448150635e-02 -7.458276152610778809e-01 -7.981960475444793701e-02
-2.975359000265598297e-02 -7.845882177352905273e-01 -7.914214581251144409e-02
2.134487032890319824e-02 -7.711305618286132812e-01 -7.948785275220870972e-02
7.052722573280334473e-02 -7.446660399436950684e-01 -8.072008192539215088e-02
8.259204775094985962e-02 -6.956419944763183594e-01 -7.990469783544540405e-02
5.854788795113563538e-02 -6.513792872428894043e-01 -7.997699081897735596e-02
-5.146116614341735840e-01 -5.844090580940246582e-01 -7.959614694118499756e-02
-4.920473396778106689e-01 -6.138477921485900879e-01 -7.454681396484375000e-02
-4.574685692787170410e-01 -6.012721061706542969e-01 -7.948225736618041992e-02
-4.020030200481414795e-01 -5.929905772209167480e-01 -7.953671365976333618e-02
-3.675168156623840332e-01 -5.547355413436889648e-01 -7.925312221050262451e-02
-3.591436445713043213e-01 -5.185285210609436035e-01 -8.044617623090744019e-02
-3.740087449550628662e-01 -4.629304707050323486e-01 -7.924981415271759033e-02
-3.669739067554473877e-01 -4.901674687862396240e-01 -7.961538434028625488e-02
-3.997125327587127686e-01 -4.434338510036468506e-01 -7.982255518436431885e-02
-4.535956680774688721e-01 -4.294101297855377197e-01 -7.952232658863067627e-02
-5.679954886436462402e-01 -6.302834302186965942e-02 -7.910989969968795776e-02
-6.569799184799194336e-01 3.655376657843589783e-02 -7.973004132509231567e-02
-5.712388753890991211e-01 -9.750115871429443359e-02 -7.989063858985900879e-02
-6.049186587333679199e-01 -1.410690695047378540e-01 -7.893818616867065430e-02
-6.519191861152648926e-01 -1.439940333366394043e-01 -8.022151887416839600e-02
-6.914241909980773926e-01 -1.327378004789352417e-01 -7.982543110847473145e-02
-7.174848318099975586e-01 -1.009489446878433228e-01 -7.909304648637771606e-02
-7.289231419563293457e-01 -6.221185252070426941e-02 -7.865303009748458862e-02
-7.208229899406433105e-01 -2.278598584234714508e-02 -8.052842319011688232e-02
-6.976264119148254395e-01 1.624778099358081818e-02 -7.946107536554336548e-02
