4.543362930417060852e-02 1.290211677551269531e-01 4.371815323829650879e-01
1.367327719926834106e-01 1.745795607566833496e-01 4.679865837097167969e-01
1.958323270082473755e-02 2.099777758121490479e-01 5.005136132240295410e-01
7.226187735795974731e-02 2.274263054132461548e-01 4.983307421207427979e-01
1.257862150669097900e-01 2.286823242902755737e-01 5.009748339653015137e-01
7.133871316909790039e-02 1.832789927721023560e-01 4.699425697326660156e-01
1.169464811682701111e-01 1.452573835849761963e-01 4.320922493934631348e-01
7.247635722160339355e-02 7.251331210136413574e-02 5.076420903205871582e-01
1.289305835962295532e-01 1.120238304138183594e-01 5.078986883163452148e-01
6.956465542316436768e-02 1.787649989128112793e-01 5.171789526939392090e-01
4.965074360370635986e-02 1.109601855278015137e-01 5.132794380187988281e-01
3.407594561576843262e-02 8.310374617576599121e-02 4.706345200538635254e-01
8.153537660837173462e-02 5.828913301229476929e-02 4.431992471218109131e-01
1.332733780145645142e-01 1.000605076551437378e-01 4.632056653499603271e-01
1.020925268530845642e-01 5.519931390881538391e-02 4.768286049365997314e-01
1.718629524111747742e-02 1.414700299501419067e-01 4.876170456409454346e-01
1.009950563311576843e-01 1.443587541580200195e-01 5.144562721252441406e-01
