-1.728410571813583374e-01 -1.168341189622879028e-01 5.147712230682373047e-01
-1.599617600440979004e-01 -6.604898720979690552e-02 5.160430073738098145e-01
-1.400098502635955811e-01 -1.790152639150619507e-01 5.141429305076599121e-01
-5.405990034341812134e-02 -5.614579468965530396e-02 5.037948489189147949e-01
-3.698170185089111328e-02 -1.480641663074493408e-01 5.080750584602355957e-01
-8.995881676673889160e-02 -1.062099710106849670e-01 5.169292092323303223e-01
-8.054605871438980103e-02 -1.643028259277343750e-01 4.423123598098754883e-01
-1.123914718627929688e-01 -1.784234195947647095e-01 4.736991822719573975e-01
-1.363658457994461060e-01 -1.236602887511253357e-01 4.773744642734527588e-01
-8.198949694633483887e-02 -1.040625721216201782e-01 4.322000741958618164e-01
-1.241772845387458801e-01 -7.694311439990997314e-02 4.732582867145538330e-01
-4.869375005364418030e-02 -6.811736524105072021e-02 4.564891457557678223e-01
-3.868051618337631226e-02 -1.669207662343978882e-01 4.583984315395355225e-01
1.178341219201683998e-03 -1.380539238452911377e-01 4.508177340030670166e-01
6.847843993455171585e-03 -1.201813593506813049e-01 4.932832717895507812e-01
-1.881711743772029877e-02 -7.829277962446212769e-02 4.524415731430053711e-01
