-5.727271437644958496e-01 -2.822083421051502228e-02 -4.813727438449859619e-01
-5.438441038131713867e-01 1.532703900011256337e-04 -5.113242268562316895e-01
-5.399726629257202148e-01 -5.406891554594039917e-02 -4.883105456829071045e-01
-5.164121985435485840e-01 -4.532267525792121887e-02 -4.531468749046325684e-01
-5.490557551383972168e-01 -1.555884070694446564e-02 -4.326119124889373779e-01
-5.419081449508666992e-01 7.995727472007274628e-03 -4.673240184783935547e-01
-5.327924489974975586e-01 -4.050603881478309631e-02 -4.264082014560699463e-01
-5.452910661697387695e-01 -3.553547337651252747e-02 -5.201064348220825195e-01
-5.517416596412658691e-01 -3.501944243907928467e-02 -4.607331156730651855e-01
-5.390919446945190430e-01 1.616104319691658020e-02 -4.297895729541778564e-01
