5.486229360103607178e-01 2.809325419366359711e-02 4.010568559169769287e-01
5.389787107706069946e-01 -6.207306310534477234e-02 4.007299244403839111e-01
5.352742075920104980e-01 -1.533864736557006836e-01 4.004878699779510498e-01
5.503361672163009644e-01 -2.512612044811248779e-01 3.999334275722503662e-01
5.883565247058868408e-01 -3.386879563331604004e-01 3.995298445224761963e-01
6.589442640542984009e-01 -3.532331883907318115e-01 3.976276814937591553e-01
7.765506878495216370e-01 -3.565036952495574951e-01 3.975985944271087646e-01
8.978051245212554932e-01 -3.419288992881774902e-01 3.936267197132110596e-01
9.709579646587371826e-01 -2.884658575057983398e-01 3.991037309169769287e-01
1.044093102216720581e+00 -1.877118349075317383e-01 3.965439498424530029e-01
1.044917821884155273e+00 -6.216380745172500610e-02 3.996341526508331299e-01
1.040412634611129761e+00 4.430815950036048889e-02 4.001153409481048584e-01
1.003452867269515991e+00 1.139936819672584534e-01 3.943229615688323975e-01
9.361031204462051392e-01 1.390115916728973389e-01 3.965517580509185791e-01
8.423720747232437134e-01 1.421287953853607178e-01 3.976942002773284912e-01
7.275017984211444855e-01 1.461055129766464233e-01 3.978981673717498779e-01
6.226478964090347290e-01 1.368365734815597534e-01 4.001751840114593506e-01
5.626506060361862183e-01 1.031217128038406372e-01 3.995384871959686279e-01
