-6.734724676573780044e-01 -3.049749746984024013e-01 3.447048351103286778e-01
-6.800607891468617439e-01 -3.637466096458175091e-01 2.759620434465668293e-01
-6.825091100716704773e-01 -4.263416615336907967e-01 2.094204339176641838e-01
-6.714666464875120866e-01 -5.028033048320086351e-01 1.474663078379361281e-01
-6.442968180372137255e-01 -5.834317400855972835e-01 1.044546470241591862e-01
-5.930387173760403030e-01 -6.280595602912644182e-01 1.285124031381865706e-01
-5.098578513608456042e-01 -6.891608261937651747e-01 1.849884739642586595e-01
-4.213094789125282347e-01 -7.374961702903597427e-01 2.539356918255002427e-01
-3.734554421700639892e-01 -7.390070172207927612e-01 3.310546962363147827e-01
-3.199310528196850356e-01 -7.030508440707521345e-01 4.375862258698148821e-01
-3.215329912838953419e-01 -6.162324452493979088e-01 5.283195471669839272e-01
-3.250588912028522515e-01 -5.389333972119143557e-01 6.015945962287136961e-01
-3.470975622057199672e-01 -4.682822192079076906e-01 6.294936275118341307e-01
-3.962970211600351789e-01 -4.180314107360825204e-01 6.146234856424346304e-01
-4.633827066957332264e-01 -3.695329131421072333e-01 5.705333797398584039e-01
-5.447524831487398078e-01 -3.093877946107310706e-01 5.160121890635567254e-01
-6.205054809057282128e-01 -2.646534817837453701e-01 4.581696165181421421e-01
-6.624797584270352147e-01 -2.581764943935462853e-01 4.040126167200019935e-01
